Abilene Christian,28,11,17,39.3,1921.0,68.6,49.8,104.5,670,1519,44.1,450,607,74.1,217,541,40.1,51.3,55.5,40.0,45.1,22.4,32.4,1.04,2007,71.7,50.8,925,33.0,31.1,288,10.3,70.5,637,22.8,96,3.4,54.2,363,13.0,0.9,10.7,205,7.3,21.0,404,14.4,4.6,67,2.4,581,20.8,18
Air Force,25,10,15,40.0,1649.0,66.0,48.8,102.1,578,1300,44.5,341,487,70.0,186,540,34.4,51.6,55.0,37.5,46.6,20.3,33.2,1.02,1683,67.3,48.7,806,32.2,27.2,220,8.8,70.2,586,23.4,72,2.9,63.0,364,14.6,1.08,8.4,139,5.6,20.4,336,13.4,6.3,84,3.4,467,18.7,13
Akron,27,17,10,63.0,1795.0,66.5,52.8,102.5,633,1478,42.8,382,603,63.3,191,567,33.7,49.3,52.1,40.8,48.1,20.8,31.2,1.02,1839,68.1,51.9,946,35.0,36.4,343,12.7,67.3,603,22.3,79,2.9,47.7,302,11.2,0.81,10.1,181,6.7,20.7,372,13.8,7.8,115,4.3,486,18.0,9
Alabama,27,11,16,40.7,1767.0,65.4,52.0,104.3,631,1419,44.5,429,622,69.0,152,457,33.3,49.8,53.7,43.8,52.0,23.3,24.7,1.04,1843,68.3,48.7,889,32.9,31.0,276,10.2,66.4,613,22.7,92,3.4,47.7,301,11.1,0.93,10.6,187,6.9,18.3,324,12.0,8.7,127,4.7,515,19.1,15
Alabama A&M,24,10,14,41.7,1617.0,67.4,47.1,95.1,522,1284,40.7,346,541,64.0,146,451,32.4,46.3,49.9,42.1,48.9,22.5,28.5,0.95,1538,64.1,46.3,792,33.0,26.8,232,9.7,65.7,560,23.3,89,3.7,57.5,300,12.5,0.95,8.6,139,5.8,19.5,316,13.2,7.0,88,3.7,527,22.0,16
Alabama State,25,15,10,60.0,1726.0,69.0,54.3,104.3,628,1482,42.4,403,591,68.2,141,482,29.3,47.1,51.1,39.9,54.1,22.4,23.5,1.04,1801,72.0,50.9,917,36.7,36.0,345,13.8,65.7,572,22.9,104,4.2,51.4,323,12.9,1.04,9.3,160,6.4,18.0,311,12.4,6.5,91,3.6,443,17.7,11
Albany,27,14,13,51.9,1733.0,64.2,50.7,101.4,599,1375,43.6,434,586,74.1,125,357,35.0,48.1,53.1,42.6,54.0,24.7,21.3,1.01,1757,65.1,51.3,929,34.4,31.9,276,10.2,70.6,653,24.2,102,3.8,50.8,304,11.3,0.87,8.4,146,5.4,20.2,350,13.0,5.7,85,3.1,473,17.5,17
Alcorn State,27,11,16,40.7,1797.0,66.6,49.5,97.2,613,1436,42.7,400,617,64.8,121,388,31.2,46.9,50.5,43.0,56.3,22.9,20.8,0.97,1747,64.7,47.5,845,31.3,28.5,256,9.5,66.5,589,21.8,52,1.9,40.9,251,9.3,0.79,9.0,162,6.0,17.8,319,11.8,7.1,105,3.9,502,18.6,16
American U,27,16,11,59.3,1658.0,61.4,50.8,106.2,637,1268,50.2,312,445,70.1,174,447,38.9,57.1,59.5,35.1,52.6,17.7,29.7,1.06,1760,65.2,49.1,812,30.1,28.2,201,7.4,70.0,611,22.6,72,2.7,65.3,416,15.4,1.09,9.8,163,6.0,23.0,381,14.1,7.1,93,3.4,494,18.3,8
Appalachian St,27,8,19,29.6,1839.0,68.1,53.7,101.7,663,1575,42.1,399,614,65.0,146,473,30.9,46.7,50.1,39.0,55.3,21.3,23.4,1.02,1871,69.3,52.5,986,36.5,34.5,357,13.2,70.5,629,23.3,117,4.3,46.0,305,11.3,0.94,9.2,169,6.3,17.7,325,12.0,4.8,71,2.6,539,20.0,10
Arizona,27,25,2,92.6,1764.0,65.3,58.8,112.4,710,1512,47.0,425,648,65.6,137,388,35.3,51.5,54.5,42.9,57.8,21.4,20.7,1.12,1982,73.4,56.0,1054,39.0,38.3,349,12.9,73.7,705,26.1,80,3.0,57.5,408,15.1,1.41,8.9,157,5.8,16.4,289,10.7,8.1,118,4.4,445,16.5,7
Arizona State,27,19,8,70.4,1914.0,70.9,49.9,106.3,685,1520,45.1,453,658,68.8,212,560,37.9,52.0,55.5,43.3,46.5,22.3,31.3,1.06,2035,75.4,47.3,987,36.6,24.3,231,8.6,70.3,756,28.0,61,2.3,55.0,377,14.0,1.2,7.6,146,5.4,16.4,314,11.6,10.1,164,6.1,514,19.0,8
Arkansas,27,18,9,66.7,1978.0,73.3,54.2,109.9,745,1669,44.6,485,684,70.9,198,549,36.1,50.6,54.5,41.0,50.3,22.3,27.3,1.1,2173,80.5,48.3,987,36.6,32.7,331,12.3,63.8,656,24.3,68,2.5,56.4,420,15.6,1.33,11.8,234,8.7,16.0,316,11.7,9.5,149,5.5,553,20.5,6
Arkansas State,25,16,9,64.0,1763.0,70.5,50.1,109.1,628,1382,45.4,445,601,74.0,222,566,39.2,53.5,57.7,43.5,42.2,23.1,34.6,1.09,1923,76.9,48.1,856,34.2,26.6,224,9.0,69.5,632,25.3,108,4.3,55.6,349,14.0,1.1,9.6,170,6.8,18.0,317,12.7,4.8,70,2.8,436,17.4,9
AR-Little Rock,27,12,15,44.4,1903.0,70.5,50.1,99.8,649,1531,42.4,468,646,72.4,133,413,32.2,46.7,51.7,42.2,54.3,24.6,21.0,1.0,1899,70.3,50.6,979,36.3,30.8,300,11.1,70.4,679,25.1,107,4.0,45.3,294,10.9,0.81,8.4,160,5.9,19.0,362,13.4,7.2,108,4.0,576,21.3,17
AR-Pine Bluff,27,10,17,37.0,1824.0,67.6,47.0,93.0,576,1410,40.9,377,579,65.1,168,489,34.4,46.8,50.4,41.1,48.1,22.2,29.7,0.93,1697,62.9,48.0,818,30.3,29.6,279,10.3,66.3,539,20.0,113,4.2,52.8,304,11.3,0.74,13.6,248,9.2,22.5,410,15.2,4.8,64,2.4,530,19.6,11
Army,27,13,14,48.1,1856.0,68.7,52.0,104.8,691,1573,43.9,359,515,69.7,204,609,33.5,50.4,53.5,32.7,50.1,18.5,31.5,1.05,1945,72.0,49.4,914,33.9,31.8,306,11.3,66.9,608,22.5,95,3.5,54.1,374,13.9,1.08,8.9,165,6.1,18.6,346,12.8,7.3,111,4.1,501,18.6,6
Auburn,25,12,13,48.0,1713.0,68.5,52.6,106.5,620,1392,44.5,444,616,72.1,141,455,31.0,49.6,54.2,44.3,52.5,24.3,23.2,1.07,1825,73.0,49.7,867,34.7,32.0,275,11.0,67.4,592,23.7,74,3.0,47.1,292,11.7,0.95,9.2,157,6.3,18.0,308,12.3,8.2,112,4.5,545,21.8,21
Austin Peay,28,11,17,39.3,2032.0,72.6,51.9,104.3,740,1509,49.0,495,753,65.7,144,421,34.2,53.8,56.8,49.9,56.3,23.4,20.4,1.04,2119,75.7,47.9,927,33.1,29.8,272,9.7,65.9,655,23.4,73,2.6,54.6,404,14.4,0.92,9.5,193,6.9,21.7,440,15.7,8.6,145,5.2,478,17.1,6
Ball State,25,4,21,16.0,1708.0,68.3,48.8,95.7,537,1333,40.3,389,564,69.0,171,527,32.4,46.7,51.0,42.3,44.8,23.8,31.4,0.96,1634,65.4,53.2,915,36.6,35.7,321,12.8,70.6,594,23.8,90,3.6,58.5,314,12.6,0.74,6.8,116,4.6,24.9,425,17.0,4.0,56,2.2,507,20.3,17
Baylor,27,18,9,66.7,1791.0,66.3,58.4,114.4,702,1523,46.1,438,667,65.7,207,518,40.0,52.9,55.7,43.8,48.3,21.4,30.3,1.14,2049,75.9,55.5,1066,39.5,41.5,387,14.3,69.4,679,25.1,97,3.6,60.1,422,15.6,1.23,7.6,136,5.0,19.1,342,12.7,9.9,154,5.7,478,17.7,6
Belmont,29,21,8,72.4,2026.0,69.9,52.9,114.4,791,1582,50.0,476,650,73.2,259,651,39.8,58.2,61.3,41.1,45.9,20.5,33.5,1.14,2317,79.9,46.8,889,30.7,27.9,245,8.4,65.7,644,22.2,73,2.5,56.1,444,15.3,1.17,9.9,201,6.9,18.7,378,13.0,4.3,69,2.4,601,20.7,16
Bethune-Cookman,29,6,23,20.7,1835.0,63.3,50.1,99.9,617,1545,39.9,399,556,71.8,200,555,36.0,46.4,50.7,36.0,45.5,21.8,32.7,1.0,1833,63.2,48.9,908,31.3,33.9,342,11.8,63.9,566,19.5,113,3.9,45.5,281,9.7,0.76,9.3,170,5.9,20.2,371,12.8,5.0,72,2.5,619,21.3,22
Binghamton,27,7,20,25.9,1785.0,66.1,45.4,91.5,529,1392,38.0,414,608,68.1,161,512,31.4,43.8,48.6,43.7,45.1,25.4,29.6,0.91,1633,60.5,47.9,875,32.4,28.9,278,10.3,66.9,597,22.1,122,4.5,48.4,256,9.5,0.66,9.2,165,6.1,21.7,387,14.3,3.8,56,2.1,523,19.4,8
Boise State,27,18,9,66.7,1815.0,67.2,55.7,115.5,726,1570,46.2,429,568,75.5,215,553,38.9,53.1,57.0,36.2,48.8,20.5,30.8,1.15,2096,77.6,54.3,925,34.3,33.8,298,11.0,74.8,627,23.2,68,2.5,45.2,328,12.1,1.23,9.3,169,6.3,14.7,267,9.9,3.8,54,2.0,525,19.4,8
Boston College,27,7,20,25.9,1727.0,64.0,49.5,107.1,603,1354,44.5,428,576,74.3,216,610,35.4,52.5,56.8,42.5,41.8,23.1,35.0,1.07,1850,68.5,46.2,811,30.0,26.5,218,8.1,65.8,593,22.0,83,3.1,57.0,344,12.7,1.12,6.1,105,3.9,17.7,306,11.3,5.2,79,2.9,496,18.4,9
Boston U,29,20,9,69.0,1959.0,67.6,51.2,105.8,730,1651,44.2,376,525,71.6,237,659,36.0,51.4,54.5,31.8,47.6,18.1,34.3,1.06,2073,71.5,49.4,989,34.1,28.9,293,10.1,70.0,696,24.0,119,4.1,54.8,400,13.8,1.15,10.3,201,6.9,17.7,347,12.0,3.3,53,1.8,491,16.9,4
Bowling Green,27,11,16,40.7,1826.0,67.6,49.3,93.6,634,1489,42.6,336,534,62.9,106,355,29.9,46.1,49.1,35.9,61.8,19.6,18.6,0.94,1710,63.3,49.3,954,35.3,30.2,291,10.8,68.4,663,24.6,88,3.3,52.7,334,12.4,0.87,11.9,217,8.0,21.1,386,14.3,10.2,149,5.5,483,17.9,10
Bradley,29,12,17,41.4,1862.0,66.5,51.3,99.3,656,1561,42.0,397,576,68.9,140,439,31.9,46.5,50.4,36.9,55.8,21.5,22.7,0.99,1849,63.8,50.6,979,33.8,32.6,328,11.3,68.5,651,22.4,87,3.0,43.3,284,9.8,0.79,10.8,202,7.0,19.3,359,12.4,5.3,78,2.7,581,20.0,16
BYU,30,20,10,66.7,2263.0,75.4,57.6,113.0,888,1887,47.1,624,913,68.3,157,429,36.6,51.2,55.1,48.4,57.2,24.4,18.4,1.13,2557,85.2,53.2,1237,41.2,34.2,390,13.0,72.1,847,28.2,109,3.6,55.2,490,16.3,1.48,9.6,217,7.2,14.7,332,11.1,5.0,94,3.1,584,19.5,14
Brown,24,14,10,58.3,1675.0,69.8,50.7,101.4,601,1381,43.5,335,509,65.8,162,428,37.9,49.4,52.3,36.9,51.7,19.7,28.6,1.01,1699,70.8,51.2,944,39.3,29.7,262,10.9,72.6,682,28.4,89,3.7,51.7,311,13.0,0.97,8.1,136,5.7,19.1,320,13.3,7.6,105,4.4,480,20.0,13
Bryant University,29,17,12,58.6,2008.0,69.2,52.7,107.4,771,1637,47.1,436,620,70.3,179,548,32.7,52.6,55.8,37.9,54.9,20.2,24.9,1.07,2157,74.4,47.9,1002,34.6,29.2,286,9.9,66.5,716,24.7,121,4.2,49.5,382,13.2,1.04,9.3,187,6.4,18.4,369,12.7,4.9,84,2.9,525,18.1,7
Bucknell,27,14,13,51.9,1713.0,63.4,50.1,104.2,629,1454,43.3,346,457,75.7,181,457,39.6,49.5,53.4,31.4,50.2,19.4,30.4,1.04,1785,66.1,51.2,931,34.5,27.2,238,8.8,75.2,693,25.7,98,3.6,50.9,320,11.9,1.15,6.9,119,4.4,16.2,278,10.3,2.8,41,1.5,458,17.0,8
Buffalo,24,16,8,66.7,1635.0,68.1,54.5,107.8,600,1345,44.6,416,578,72.0,146,449,32.5,50.0,54.4,43.0,51.5,23.6,24.9,1.08,1762,73.4,52.1,900,37.5,36.1,302,12.6,68.1,598,24.9,85,3.5,59.7,358,14.9,1.15,10.0,163,6.8,19.0,311,13.0,8.6,117,4.9,448,18.7,8
Butler,27,12,15,44.4,1796.0,66.5,52.9,104.5,666,1548,43.0,387,576,67.2,158,485,32.6,48.1,51.5,37.2,54.1,20.6,25.3,1.05,1877,69.5,51.2,926,34.3,30.5,296,11.0,71.8,630,23.3,74,2.7,45.2,301,11.1,1.11,9.0,161,6.0,15.1,272,10.1,5.1,76,2.8,464,17.2,9
Cal Poly,26,10,16,38.5,1599.0,61.5,52.2,103.6,586,1421,41.2,310,454,68.3,174,515,33.8,47.4,50.6,31.9,49.8,18.7,31.5,1.04,1656,63.7,50.1,841,32.3,31.2,282,10.8,69.0,559,21.5,78,3.0,51.7,303,11.7,1.25,9.8,156,6.0,15.1,242,9.3,5.8,75,2.9,487,18.7,4
CSU Bakersfield,27,12,15,44.4,1809.0,67.0,52.5,105.6,658,1472,44.7,400,582,68.7,195,491,39.7,51.3,54.6,39.5,48.5,20.9,30.6,1.06,1911,70.8,51.5,930,34.4,34.1,310,11.5,68.8,620,23.0,88,3.3,51.1,336,12.4,0.9,10.0,181,6.7,20.6,373,13.8,6.9,95,3.5,603,22.3,15
CS Fullerton,26,9,17,34.6,1748.0,67.2,50.1,100.1,612,1443,42.4,369,550,67.1,156,477,32.7,47.8,51.3,38.1,52.1,21.1,26.8,1.0,1749,67.3,50.4,891,34.3,28.9,270,10.4,71.9,621,23.9,96,3.7,47.2,289,11.1,0.91,7.0,122,4.7,18.2,318,12.2,3.6,50,1.9,506,19.5,10
CS Northridge,29,14,15,48.3,2028.0,69.9,53.0,107.7,725,1607,45.1,610,782,78.0,124,335,37.0,49.0,55.2,48.7,55.0,27.9,17.0,1.08,2184,75.3,51.2,1027,35.4,33.6,322,11.1,68.7,705,24.3,74,2.6,54.3,394,13.6,1.07,10.3,209,7.2,18.1,368,12.7,4.8,80,2.8,589,20.3,12
California,27,18,9,66.7,1837.0,68.0,55.2,109.7,728,1583,46.0,406,592,68.6,154,436,35.3,50.9,54.1,37.4,56.9,20.1,22.9,1.1,2016,74.7,51.7,998,37.0,31.9,298,11.0,71.4,700,25.9,80,3.0,57.7,420,15.6,1.52,8.4,155,5.7,15.0,276,10.2,7.7,120,4.4,477,17.7,10
Campbell,29,12,17,41.4,1886.0,65.0,51.4,104.0,698,1589,43.9,321,474,67.7,245,722,33.9,51.6,54.1,29.8,46.2,16.4,37.5,1.04,1962,67.7,48.0,952,32.8,32.1,317,10.9,63.8,635,21.9,84,2.9,59.6,416,14.3,1.08,9.6,181,6.2,20.5,386,13.3,8.3,136,4.7,518,17.9,6
Canisius,29,19,10,65.5,2029.0,70.0,54.1,112.2,778,1702,45.7,493,668,73.8,227,589,38.5,52.4,56.4,39.2,48.4,21.7,29.9,1.12,2276,78.5,47.1,968,33.4,31.9,323,11.1,62.3,645,22.2,104,3.6,46.9,365,12.6,1.1,9.7,196,6.8,16.4,332,11.4,6.5,112,3.9,527,18.2,16
Cent Arkansas,25,6,19,24.0,1862.0,74.5,50.5,99.1,669,1521,44.0,342,566,60.4,166,459,36.2,49.4,51.6,37.2,54.5,18.5,27.0,0.99,1846,73.8,45.6,842,33.7,29.0,282,11.3,62.2,560,22.4,80,3.2,46.9,314,12.6,0.87,11.7,218,8.7,19.5,363,14.5,7.7,114,4.6,551,22.0,12
Cent Conn St,27,9,18,33.3,1915.0,70.9,50.1,99.2,708,1615,43.8,337,475,70.9,146,442,33.0,48.4,51.6,29.4,59.2,17.7,23.1,0.99,1899,70.3,46.8,921,34.1,29.6,290,10.7,64.0,631,23.4,101,3.7,49.2,348,12.9,0.92,9.8,188,7.0,19.7,377,14.0,7.8,128,4.7,496,18.4,13
Cent Michigan,26,10,16,38.5,1763.0,67.8,52.9,110.0,659,1497,44.0,413,578,71.5,209,652,32.1,51.0,54.8,38.6,46.4,21.3,32.3,1.1,1940,74.6,49.3,816,31.4,30.0,277,10.7,68.6,539,20.7,95,3.7,47.3,312,12.0,1.15,11.2,197,7.6,15.4,272,10.5,2.3,32,1.2,477,18.3,7
Charl Southern,27,12,15,44.4,1895.0,70.2,55.9,118.0,758,1648,46.0,444,612,72.5,277,704,39.3,54.4,57.7,37.1,43.0,19.8,37.1,1.18,2237,82.9,52.5,1010,37.4,32.9,324,12.0,72.1,686,25.4,97,3.6,51.8,393,14.6,1.37,9.6,181,6.7,15.1,287,10.6,5.3,81,3.0,489,18.1,7
Charlotte,26,14,12,53.8,1826.0,70.2,52.4,101.5,653,1483,44.0,397,605,65.6,151,424,35.6,49.1,52.4,40.8,54.2,21.4,24.4,1.02,1854,71.3,52.1,995,38.3,34.4,325,12.5,69.8,670,25.8,78,3.0,53.1,347,13.3,0.9,8.9,163,6.3,21.0,384,14.8,4.6,70,2.7,472,18.2,16
Chattanooga,29,16,13,55.2,2008.0,71.7,54.0,110.7,723,1651,43.8,516,731,70.6,183,548,33.4,49.3,55.6,44.3,48.6,23.2,24.7,1.11,2222,76.6,51.6,1041,35.9,35.3,371,12.8,67.8,670,23.1,97,3.3,46.5,336,11.6,0.89,10.2,205,7.1,18.7,376,13.0,8.5,141,4.9,539,18.6,8
Chicago State,27,11,16,40.7,1903.0,70.5,48.7,98.2,662,1576,42.0,363,534,68.0,182,541,33.6,47.8,51.1,33.9,51.4,19.4,29.2,0.98,1869,69.2,44.9,831,30.8,26.1,265,9.8,63.7,566,21.0,83,3.1,44.0,291,10.8,0.89,12.3,234,8.7,17.2,327,12.1,4.4,65,2.4,608,22.5,21
Cincinnati,28,24,4,85.7,1778.0,63.5,56.2,109.1,670,1567,42.8,436,607,71.8,163,493,33.1,48.0,52.3,38.7,52.3,22.5,25.2,1.09,1939,69.3,53.6,1017,36.3,39.9,384,13.7,67.2,633,22.6,88,3.1,53.7,360,12.9,1.17,12.8,228,8.1,17.4,309,11.0,11.1,159,5.7,492,17.6,8
The Citadel,30,5,25,16.7,2019.0,67.3,48.2,98.8,690,1626,42.4,429,597,71.9,185,526,35.2,48.1,52.2,36.7,50.7,21.5,27.8,0.99,1994,66.5,46.5,997,33.2,27.1,277,9.2,65.9,720,24.0,91,3.0,57.5,397,13.2,1.04,6.4,129,4.3,18.9,381,12.7,4.7,82,2.7,582,19.4,14
Clemson,27,17,10,63.0,1626.0,60.2,53.2,103.5,586,1409,41.6,370,502,73.7,141,457,30.9,46.6,51.1,35.6,52.9,22.0,25.1,1.04,1683,62.3,52.2,970,35.9,36.2,324,12.0,68.1,646,23.9,74,2.7,47.1,276,10.2,0.91,8.0,130,4.8,18.6,302,11.2,10.9,156,5.8,429,15.9,9
Cleveland State,30,20,10,66.7,1979.0,66.0,54.1,112.3,773,1633,47.3,454,607,74.8,222,539,41.2,54.1,57.8,37.2,49.6,20.4,30.0,1.12,2222,74.1,50.3,1022,34.1,33.3,315,10.5,67.3,707,23.6,82,2.7,55.6,430,14.3,1.14,8.9,177,5.9,19.1,378,12.6,6.3,102,3.4,593,19.8,20
Coast Carolina,28,16,12,57.1,1957.0,69.9,53.0,104.8,715,1609,44.4,443,634,69.9,178,509,35.0,50.0,53.7,39.4,52.4,21.6,26.0,1.05,2051,73.3,52.4,1081,38.6,35.4,355,12.7,69.3,726,25.9,105,3.8,42.8,306,10.9,0.75,9.3,182,6.5,20.9,409,14.6,4.7,75,2.7,563,20.1,16
Colgate,27,10,17,37.0,1728.0,64.0,51.0,109.6,692,1427,48.5,270,379,71.2,240,592,40.5,56.9,58.9,26.6,47.7,14.3,38.0,1.1,1894,70.1,48.2,833,30.9,24.1,194,7.2,72.2,639,23.7,78,2.9,56.1,388,14.4,1.26,7.1,123,4.6,17.9,309,11.4,4.0,59,2.2,464,17.2,4
Charleston,29,14,15,48.3,1836.0,63.3,51.6,99.5,641,1542,41.6,358,553,64.7,186,547,34.0,47.6,50.6,35.9,49.8,19.6,30.6,0.99,1826,63.0,53.8,1106,38.1,34.8,349,12.0,72.8,757,26.1,110,3.8,45.7,293,10.1,0.78,7.5,138,4.8,20.5,377,13.0,7.9,121,4.2,539,18.6,22
Colorado,28,20,8,71.4,1932.0,69.0,53.1,106.6,673,1512,44.5,566,782,72.4,148,463,32.0,49.4,54.7,51.7,51.0,27.5,21.6,1.07,2060,73.6,54.5,1064,38.0,34.6,328,11.7,74.4,736,26.3,44,1.6,50.7,341,12.2,0.92,9.3,180,6.4,19.3,372,13.3,6.6,105,3.8,471,16.8,7
Colorado State,28,15,13,53.6,1836.0,65.6,56.5,111.9,674,1570,42.9,562,772,72.8,145,450,32.2,47.5,53.1,49.2,51.5,27.3,21.2,1.12,2055,73.4,54.5,1055,37.7,35.3,358,12.8,73.7,697,24.9,97,3.5,53.1,358,12.8,1.4,7.9,145,5.2,13.9,256,9.1,5.9,88,3.1,509,18.2,25
Columbia,27,17,10,63.0,1714.0,63.5,49.8,107.8,592,1329,44.5,454,594,76.4,210,563,37.3,52.4,57.4,44.7,41.3,24.6,34.1,1.08,1848,68.4,51.2,906,33.6,29.2,237,8.8,73.1,669,24.8,85,3.1,54.2,321,11.9,0.96,8.3,143,5.3,19.5,335,12.4,6.1,86,3.2,501,18.6,8
Connecticut,27,21,6,77.8,1805.0,66.9,53.7,112.1,684,1502,45.5,461,597,77.2,194,497,39.0,52.0,56.6,39.7,48.4,22.8,28.8,1.12,2023,74.9,49.9,969,35.9,32.4,285,10.6,67.3,684,25.3,115,4.3,50.3,344,12.7,1.14,11.0,199,7.4,16.7,302,11.2,10.9,168,6.2,491,18.2,10
Coppin State,27,9,18,33.3,1838.0,68.1,49.2,101.0,601,1556,38.6,461,620,74.4,193,611,31.6,44.8,50.1,39.8,44.0,24.8,31.2,1.01,1856,68.7,47.7,905,33.5,31.1,321,11.9,64.2,584,21.6,95,3.5,49.9,300,11.1,0.94,8.4,155,5.7,17.3,318,11.8,3.7,56,2.1,459,17.0,8
Cornell,24,2,22,8.3,1592.0,66.3,49.4,97.6,570,1383,41.2,246,377,65.3,168,526,31.9,47.3,49.7,27.3,51.7,15.8,32.4,0.98,1554,64.8,48.7,783,32.6,29.1,259,10.8,68.2,524,21.8,76,3.2,46.7,266,11.1,0.9,6.0,96,4.0,18.5,294,12.3,5.0,65,2.7,507,21.1,13
Creighton,27,23,4,85.2,1787.0,66.2,55.4,121.8,748,1499,49.9,402,533,75.4,279,652,42.8,59.2,62.1,35.6,43.1,18.5,38.4,1.22,2177,80.6,50.4,948,35.1,28.0,230,8.5,72.8,718,26.6,81,3.0,65.1,487,18.0,1.82,6.4,114,4.2,14.9,267,9.9,2.8,43,1.6,475,17.6,6
Dartmouth,24,9,15,37.5,1548.0,64.5,52.8,103.5,577,1305,44.2,309,461,67.0,139,386,36.0,49.5,52.6,35.3,54.7,19.3,26.0,1.03,1602,66.8,53.5,813,33.9,33.5,271,11.3,73.5,542,22.6,44,1.8,52.0,300,12.5,0.99,9.0,139,5.8,19.5,302,12.6,6.9,80,3.3,477,19.9,4
Davidson,28,17,11,60.7,1869.0,69.2,53.5,116.4,730,1538,47.5,415,592,70.1,218,584,37.3,54.6,59.8,38.5,47.1,19.1,30.1,1.16,2175,77.7,50.3,875,31.3,28.6,262,9.4,71.9,613,21.9,78,2.8,50.5,369,13.2,1.17,7.9,148,5.3,16.9,316,11.3,3.2,46,1.6,548,19.6,18
Dayton,28,19,9,67.9,1854.0,66.2,55.9,110.6,718,1554,46.2,435,633,68.7,179,484,37.0,52.0,55.3,40.7,52.6,21.2,26.2,1.11,2050,73.2,53.5,988,35.3,36.1,341,12.2,70.8,647,23.1,100,3.6,51.3,368,13.1,1.08,8.8,163,5.8,18.3,340,12.1,5.4,79,2.8,559,20.0,5
Delaware,29,20,9,69.0,2069.0,71.3,54.1,111.0,777,1766,44.0,530,747,71.0,212,619,34.2,50.0,54.1,42.3,49.2,23.1,27.7,1.11,2296,79.2,49.0,1072,37.0,29.9,334,11.5,68.1,738,25.4,107,3.7,39.3,305,10.5,1.06,8.2,169,5.8,13.9,288,9.9,5.8,101,3.5,556,19.2,15
Delaware State,27,9,18,33.3,1667.0,61.7,50.2,99.8,586,1381,42.4,352,514,68.5,139,431,32.3,47.5,51.2,37.2,53.8,21.2,25.1,1.0,1663,61.6,47.7,848,31.4,30.2,266,9.9,65.1,582,21.6,89,3.3,56.8,333,12.3,1.05,8.1,135,5.0,19.0,316,11.7,6.7,94,3.5,483,17.9,4
Denver,27,15,12,55.6,1632.0,60.4,50.4,109.6,617,1333,46.3,335,459,73.0,219,566,38.7,54.5,57.6,34.4,44.5,18.7,36.7,1.1,1788,66.2,45.9,714,26.4,24.4,191,7.1,67.4,523,19.4,57,2.1,67.6,417,15.4,1.54,12.1,198,7.3,16.6,271,10.0,7.7,97,3.6,536,19.9,14
DePaul,28,10,18,35.7,1876.0,69.5,52.8,106.2,655,1542,42.5,453,671,67.5,161,467,34.5,47.7,53.6,43.5,49.6,22.7,24.2,1.06,1993,71.2,51.9,950,33.9,35.4,356,12.7,68.3,594,21.2,109,3.9,47.8,313,11.2,0.84,9.8,184,6.6,19.8,372,13.3,8.6,125,4.5,601,21.5,15
Detroit,29,13,16,44.8,2024.0,69.8,51.9,102.5,709,1699,41.7,479,665,72.0,177,551,32.1,46.9,51.5,39.1,51.3,23.1,25.6,1.02,2074,71.5,52.2,1086,37.4,34.4,367,12.7,69.9,719,24.8,84,2.9,48.2,342,11.8,0.91,10.6,215,7.4,18.5,375,12.9,8.8,139,4.8,622,21.4,11
Drake,29,14,15,48.3,1882.0,64.9,50.2,105.4,674,1494,45.1,414,583,71.0,222,568,39.1,52.5,56.0,39.0,45.6,20.9,33.6,1.05,1984,68.4,50.2,954,32.9,27.4,250,8.6,73.0,704,24.3,77,2.7,54.9,370,12.8,1.07,8.7,164,5.7,18.4,347,12.0,4.0,62,2.1,535,18.4,7
Drexel,27,15,12,55.6,1784.0,63.7,52.8,105.1,650,1538,42.3,436,617,70.7,139,442,31.4,46.8,51.2,40.1,54.5,23.3,22.2,1.05,1875,69.4,50.2,974,36.1,29.0,284,10.5,71.4,690,25.6,96,3.6,50.2,326,12.1,1.42,6.5,116,4.3,12.9,230,8.5,6.8,98,3.6,571,21.1,22
Duke,29,23,6,79.3,1923.0,66.3,57.1,120.0,777,1671,46.5,485,669,72.5,269,670,40.1,54.5,58.0,40.0,44.0,21.0,35.0,1.2,2308,79.6,51.3,1006,34.7,33.5,334,11.5,69.1,672,23.2,82,2.8,55.7,433,14.9,1.57,10.7,206,7.1,14.4,276,9.5,6.0,94,3.2,552,19.0,10
Duquesne,26,11,15,42.3,1780.0,68.5,52.7,107.3,646,1470,43.9,432,646,66.9,186,520,35.8,50.3,53.7,43.9,48.2,22.6,29.2,1.07,1910,73.5,50.3,911,35.0,29.7,280,10.8,70.9,631,24.3,80,3.1,59.3,383,14.7,1.33,8.5,151,5.8,16.2,288,11.1,4.9,72,2.8,466,17.9,9
East Carolina,28,15,13,53.6,1879.0,67.1,53.2,111.1,686,1536,44.7,482,674,71.5,234,642,36.4,52.3,56.2,43.9,43.3,23.1,33.6,1.11,2088,74.6,48.9,978,34.9,31.8,303,10.8,65.9,675,24.1,85,3.0,57.1,392,14.0,1.21,9.6,180,6.4,17.2,323,11.5,5.4,90,3.2,491,17.5,15
East Tenn St,30,17,13,56.7,2130.0,71.0,51.2,108.3,753,1721,43.8,568,758,74.9,233,630,37.0,50.5,55.4,44.0,45.1,24.6,30.3,1.08,2307,76.9,48.0,1024,34.1,28.7,308,10.3,67.2,716,23.9,88,2.9,49.3,371,12.4,1.05,10.6,226,7.5,16.5,352,11.7,5.2,89,3.0,592,19.7,24
E Illinois,28,10,18,35.7,1857.0,66.3,50.7,101.8,659,1486,44.3,429,600,71.5,144,448,32.1,49.2,53.4,40.4,54.5,22.7,22.8,1.02,1891,67.5,49.9,896,32.0,31.2,286,10.2,68.6,610,21.8,88,3.1,51.1,337,12.0,0.89,8.7,162,5.8,20.3,377,13.5,8.9,131,4.7,536,19.1,8
E Kentucky,28,19,9,67.9,1911.0,68.3,51.9,115.9,734,1510,48.6,486,648,75.0,261,672,38.8,57.3,60.9,42.9,42.7,21.9,35.3,1.16,2215,79.1,45.7,742,26.5,23.9,205,7.3,67.4,537,19.2,73,2.6,57.2,420,15.0,1.4,13.2,253,9.0,15.6,299,10.7,4.0,53,1.9,588,21.0,14
E Michigan,27,15,12,55.6,1820.0,67.4,51.5,99.6,613,1474,41.6,459,687,66.8,126,419,30.1,45.9,50.4,46.6,53.7,25.3,20.8,1.0,1813,67.1,47.7,980,36.3,32.2,318,11.8,63.1,662,24.5,105,3.9,47.0,288,10.7,0.86,12.7,232,8.6,18.4,335,12.4,11.0,164,6.1,524,19.4,15
E Washington,27,13,14,48.1,1896.0,70.2,52.6,108.6,716,1579,45.3,407,590,69.0,221,593,37.3,52.3,55.4,37.4,48.1,19.8,32.2,1.09,2060,76.3,50.7,988,36.6,29.9,287,10.6,71.5,701,26.0,75,2.8,51.5,369,13.7,1.13,6.7,127,4.7,17.2,327,12.1,6.9,110,4.1,521,19.3,10
Elon,29,18,11,62.1,1997.0,68.9,52.0,110.2,773,1637,47.2,411,566,72.6,243,639,38.0,54.6,57.7,34.6,48.2,18.7,33.1,1.1,2200,75.9,48.5,999,34.4,27.7,263,9.1,69.3,736,25.4,88,3.0,53.9,417,14.4,1.18,7.5,149,5.1,17.7,354,12.2,5.1,85,2.9,521,18.0,11
Evansville,30,12,18,40.0,2027.0,67.6,49.9,103.0,703,1521,46.2,548,767,71.4,134,367,36.5,50.6,55.4,50.4,54.5,26.2,19.3,1.03,2088,69.6,46.9,960,32.0,26.5,250,8.3,67.2,710,23.7,99,3.3,64.2,451,15.0,1.16,7.4,149,5.0,19.2,389,13.0,6.4,109,3.6,568,18.9,11
Fairfield,30,6,24,20.0,2016.0,67.2,47.2,93.8,650,1635,39.8,387,565,68.5,203,618,32.8,46.0,49.6,34.6,47.3,20.5,32.2,0.94,1890,63.0,51.0,1063,35.4,30.6,334,11.1,71.4,729,24.3,93,3.1,51.8,337,11.2,0.75,6.4,129,4.3,22.3,450,15.0,7.0,108,3.6,693,23.1,27
Fair Dickinson,28,10,18,35.7,1898.0,67.8,50.9,104.5,683,1600,42.7,406,567,71.6,212,572,37.1,49.3,53.1,35.4,47.5,20.5,32.1,1.05,1984,70.9,45.6,883,31.5,30.2,298,10.6,60.9,585,20.9,88,3.1,45.1,308,11.0,0.94,10.2,193,6.9,17.2,327,11.7,7.2,111,4.0,605,21.6,20
Florida,28,26,2,92.9,1768.0,65.5,57.0,112.0,676,1483,45.6,453,669,67.7,176,513,34.3,51.5,55.0,45.1,50.5,22.9,26.7,1.12,1981,70.8,54.0,1017,36.3,37.6,348,12.4,70.4,669,23.9,83,3.0,54.0,365,13.0,1.16,10.5,186,6.6,17.8,315,11.3,5.5,80,2.9,446,15.9,7
Florida A&M,27,11,16,40.7,1957.0,72.5,51.4,97.0,668,1693,39.5,390,594,65.7,172,526,32.7,44.5,48.1,35.1,52.2,20.5,27.2,0.97,1899,70.3,50.3,1065,39.4,36.1,409,15.1,64.5,656,24.3,116,4.3,44.6,298,11.0,0.74,9.8,191,7.1,20.5,402,14.9,7.3,111,4.1,652,24.1,21
Florida Atl,28,10,18,35.7,1836.0,68.0,53.3,102.3,663,1553,42.7,369,582,63.4,183,546,33.5,48.6,51.3,37.5,51.1,19.6,29.2,1.02,1878,67.1,51.3,1045,37.3,35.0,353,12.6,67.5,692,24.7,116,4.1,50.8,337,12.0,0.96,7.2,133,4.8,19.2,352,12.6,8.4,132,4.7,517,18.5,12
FGCU,29,19,10,65.5,1994.0,68.8,52.2,104.4,767,1624,47.2,380,573,66.3,168,490,34.3,52.4,54.9,35.3,57.5,18.3,24.2,1.04,2082,71.8,50.4,1053,36.3,29.1,279,9.6,71.6,774,26.7,78,2.7,49.4,379,13.1,1.0,8.4,167,5.8,19.0,378,13.0,6.5,108,3.7,516,17.8,7
FIU,28,13,15,46.4,1902.0,67.9,52.6,100.7,679,1530,44.4,429,644,66.6,128,429,29.8,48.6,52.2,42.1,57.5,22.4,20.1,1.01,1915,68.4,50.8,1026,36.6,34.1,331,11.8,67.5,695,24.8,94,3.4,43.4,295,10.5,0.76,10.3,195,7.0,20.5,389,13.9,7.5,121,4.3,509,18.2,13
Florida State,27,16,11,59.3,1805.0,66.9,53.4,106.5,667,1439,46.4,446,620,71.9,142,385,36.9,51.3,55.4,43.1,54.6,23.2,22.2,1.06,1922,71.2,49.8,966,35.8,35.1,302,11.2,64.5,664,24.6,89,3.3,45.7,305,11.3,0.81,9.0,163,6.0,20.9,377,14.0,9.9,153,5.7,506,18.7,17
Fordham,25,9,16,36.0,1747.0,69.9,52.9,104.2,622,1563,39.8,389,530,73.4,187,588,31.8,45.8,50.1,33.9,47.8,21.4,30.8,1.04,1820,72.8,50.0,924,37.0,35.7,360,14.4,64.3,564,22.6,72,2.9,50.6,315,12.6,1.08,10.3,180,7.2,16.8,293,11.7,6.5,94,3.8,498,19.9,17
Fresno State,28,14,14,50.0,1908.0,68.1,51.9,108.4,699,1604,43.6,453,621,72.9,218,615,35.4,50.4,54.5,38.7,46.5,21.9,31.6,1.08,2069,73.9,48.3,984,35.1,28.0,280,10.0,68.5,704,25.1,91,3.3,50.4,352,12.6,1.25,9.4,180,6.4,14.7,281,10.0,7.4,119,4.3,549,19.6,22
Furman,28,9,19,32.1,1838.0,65.6,49.4,99.7,640,1445,44.3,398,592,67.2,154,452,34.1,49.6,53.1,41.0,53.1,21.7,25.2,1.0,1832,65.4,47.4,894,31.9,28.5,260,9.3,66.3,634,22.6,93,3.3,41.7,267,9.5,0.71,7.5,138,4.9,20.6,378,13.5,5.0,81,2.9,477,17.0,6
Gardner-Webb,29,16,13,55.2,2005.0,66.8,54.1,105.6,743,1649,45.1,481,702,68.5,151,453,33.3,49.6,53.4,42.6,55.9,22.7,21.4,1.06,2118,73.0,51.4,1032,35.6,33.3,344,11.9,69.4,688,23.7,97,3.3,60.0,446,15.4,1.24,11.3,227,7.8,17.9,359,12.4,5.4,86,3.0,543,18.7,12
George Mason,26,9,17,34.6,1804.0,69.4,50.9,101.6,637,1430,44.5,426,599,71.1,132,369,35.8,49.2,53.4,41.9,55.1,23.3,21.6,1.02,1832,70.5,51.8,893,34.3,31.9,282,10.8,71.6,611,23.5,106,4.1,43.3,276,10.6,0.74,7.5,136,5.2,20.7,374,14.4,6.5,90,3.5,557,21.4,17
G. Washington,27,20,7,74.1,1855.0,68.7,55.2,107.7,695,1497,46.4,459,693,66.2,148,417,35.5,51.4,54.7,46.3,54.8,23.0,22.2,1.08,1997,74.0,52.6,1023,37.9,35.7,326,12.1,69.4,697,25.8,73,2.7,55.1,383,14.2,1.09,10.5,195,7.2,19.0,352,13.0,7.9,122,4.5,495,18.3,8
Georgetown,27,16,11,59.3,1777.0,65.8,53.4,107.7,662,1437,46.1,450,630,71.4,140,432,32.4,50.9,55.1,43.8,54.5,23.5,21.9,1.08,1914,70.9,49.7,909,33.7,32.1,278,10.3,67.3,631,23.4,69,2.6,54.2,359,13.3,1.11,9.2,163,6.0,18.1,322,11.9,8.5,119,4.4,599,22.2,22
Georgia,27,16,11,59.3,1772.0,65.6,54.1,105.3,617,1399,44.1,505,753,67.1,127,370,34.3,48.6,53.1,53.8,52.5,27.1,20.4,1.05,1866,69.1,52.7,1012,37.5,35.6,327,12.1,69.7,685,25.4,101,3.7,44.9,277,10.3,0.8,7.4,132,4.9,19.5,346,12.8,9.0,133,4.9,510,18.9,8
Ga. Southern,29,12,17,41.4,1924.0,68.7,52.3,108.0,699,1594,43.9,414,631,65.6,213,617,34.5,50.5,54.8,39.6,46.8,19.9,30.8,1.08,2077,71.6,50.3,1009,34.8,30.7,312,10.8,69.9,697,24.0,100,3.4,40.9,286,9.9,0.84,10.1,194,6.7,17.7,340,11.7,3.0,49,1.7,489,16.9,10
Georgia State,27,20,7,74.1,1814.0,67.2,54.2,117.3,725,1525,47.5,474,613,77.3,203,528,38.4,54.2,58.6,40.2,49.1,22.3,28.6,1.17,2127,78.8,45.6,836,31.0,26.2,227,8.4,64.9,609,22.6,63,2.3,51.0,370,13.7,1.61,12.2,222,8.2,12.7,230,8.5,9.0,135,5.0,475,17.6,11
Georgia Tech,27,13,14,48.1,1781.0,66.0,51.7,101.1,654,1497,43.7,355,525,67.6,137,436,31.4,48.3,51.5,35.1,57.4,19.7,22.8,1.01,1800,66.7,52.0,974,36.1,32.5,299,11.1,71.5,675,25.0,67,2.5,54.1,354,13.1,1.02,8.0,143,5.3,19.4,346,12.8,7.8,116,4.3,478,17.7,10
Gonzaga,29,23,6,79.3,1935.0,69.1,56.3,116.2,800,1609,49.7,431,606,71.1,217,543,40.0,56.5,59.3,37.7,51.9,19.2,29.0,1.16,2248,77.5,51.1,1038,35.8,31.5,287,9.9,70.6,751,25.9,81,2.8,53.8,430,14.8,1.34,10.0,194,6.7,16.6,322,11.1,7.3,118,4.1,519,17.9,11
Grambling St,23,3,20,13.0,1585.0,68.9,47.6,95.4,520,1257,41.4,322,475,67.8,150,460,32.6,47.3,51.0,37.8,48.9,21.3,29.8,0.95,1512,65.7,47.0,686,29.8,29.7,240,10.4,64.3,446,19.4,78,3.4,47.1,245,10.7,0.72,9.0,143,6.2,21.4,339,14.7,3.9,50,2.2,436,19.0,11
Grand Canyon,25,13,12,52.0,1704.0,68.2,49.3,105.4,559,1288,43.4,506,687,73.7,172,488,35.2,50.1,55.6,53.3,43.1,28.2,28.7,1.05,1796,71.8,49.6,886,35.4,28.1,233,9.3,71.1,653,26.1,81,3.2,55.8,312,12.5,0.98,6.3,107,4.3,18.8,320,12.8,4.9,70,2.8,509,20.4,15
Green Bay,27,22,5,81.5,1838.0,68.1,56.0,110.3,714,1506,47.4,470,669,70.3,129,365,35.3,51.7,55.6,44.4,57.7,23.2,19.1,1.1,2027,75.1,51.4,1007,37.3,35.0,314,11.6,67.8,693,25.7,91,3.4,57.6,411,15.2,1.25,10.8,199,7.4,18.0,330,12.2,13.3,207,7.7,453,16.8,7
Hampton,27,16,11,59.3,1976.0,73.2,51.2,99.7,652,1550,42.1,523,793,66.0,143,453,31.6,46.7,51.1,51.2,51.7,26.5,21.8,1.0,1970,73.0,49.5,1045,38.7,33.9,350,13.0,65.0,695,25.7,104,3.9,50.0,326,12.1,0.8,10.4,205,7.6,20.5,406,15.0,10.9,168,6.2,634,23.5,26
Hartford,29,14,15,48.3,1847.0,66.0,46.5,101.4,634,1390,45.6,377,538,70.1,228,611,37.3,53.8,56.9,38.7,43.4,20.1,36.5,1.01,1873,64.6,46.1,794,27.4,24.2,204,7.0,67.9,590,20.3,67,2.3,54.7,347,12.0,0.84,8.7,161,5.6,22.3,411,14.2,3.9,57,2.0,562,19.4,14
Harvard,26,22,4,84.6,1709.0,65.7,54.5,110.5,636,1387,45.9,473,651,72.7,144,379,38.0,51.0,55.7,46.9,52.1,25.0,22.9,1.11,1889,72.7,51.8,893,34.3,33.7,286,11.0,69.9,607,23.3,76,2.9,57.5,366,14.1,1.2,12.4,212,8.2,17.8,304,11.7,9.9,133,5.1,465,17.9,10
Hawaii,27,19,8,70.4,1897.0,70.3,57.6,114.7,755,1591,47.5,510,702,72.6,156,468,33.3,52.4,56.5,44.1,55.1,23.4,21.5,1.15,2176,80.6,53.9,975,36.1,38.1,346,12.8,69.7,629,23.3,82,3.0,50.7,383,14.2,1.19,8.9,168,6.2,17.0,322,11.9,6.5,98,3.6,528,19.6,11
High Point,27,14,13,51.9,1785.0,66.1,53.5,108.5,704,1481,47.5,369,502,73.5,159,410,38.8,52.9,56.3,33.9,56.3,19.1,24.6,1.08,1936,71.7,49.3,860,31.9,31.1,265,9.8,67.5,595,22.0,83,3.1,56.0,394,14.6,1.19,9.1,162,6.0,18.5,330,12.2,6.2,92,3.4,468,17.3,10
Hofstra,29,8,21,27.6,1899.0,65.5,52.3,102.7,647,1556,41.6,455,699,65.1,201,602,33.4,48.0,51.6,44.9,45.7,23.3,30.9,1.03,1950,67.2,51.6,1036,35.7,34.3,356,12.3,68.8,680,23.4,85,2.9,47.4,307,10.6,0.85,7.7,146,5.0,19.0,361,12.4,5.9,94,3.2,567,19.6,25
Holy Cross,28,17,11,60.7,1818.0,64.9,51.1,105.3,643,1478,43.5,454,622,73.0,174,498,34.9,49.4,54.0,42.1,49.0,23.7,27.3,1.05,1914,68.4,51.7,928,33.1,31.4,285,10.2,72.0,643,23.0,89,3.2,48.2,310,11.1,0.92,9.5,173,6.2,18.5,337,12.0,7.2,107,3.8,498,17.8,7
Houston,27,13,14,48.1,1815.0,67.2,52.1,103.9,670,1486,45.1,383,580,66.0,162,460,35.2,50.5,53.5,39.0,53.9,20.3,25.8,1.04,1885,69.8,48.1,927,34.3,30.3,282,10.4,65.9,645,23.9,91,3.4,58.2,390,14.4,1.14,8.7,157,5.8,18.8,342,12.7,9.8,154,5.7,489,18.1,6
Houston Baptist,28,6,22,21.4,1985.0,70.9,49.2,96.1,673,1559,43.2,421,607,69.4,140,403,34.7,47.7,51.6,38.9,55.9,22.1,22.0,0.96,1907,68.1,48.9,1001,35.8,31.0,310,11.1,66.8,691,24.7,84,3.0,52.9,356,12.7,0.81,7.3,145,5.2,22.1,439,15.7,3.5,58,2.1,582,20.8,14
Howard,28,6,22,21.4,1910.0,68.2,46.3,90.6,553,1448,38.2,479,701,68.3,146,434,33.6,43.2,48.6,48.4,47.0,27.7,25.3,0.91,1731,61.8,48.3,934,33.4,33.1,334,11.9,63.4,600,21.4,122,4.4,41.0,227,8.1,0.49,9.3,178,6.4,24.5,468,16.7,7.0,101,3.6,628,22.4,24
Idaho,28,12,16,42.9,1897.0,67.8,53.5,106.7,698,1577,44.3,457,673,67.9,172,505,34.1,49.7,53.4,42.7,52.0,22.6,25.5,1.07,2025,72.3,50.4,973,34.8,32.5,314,11.2,68.2,659,23.5,99,3.5,44.8,313,11.2,1.0,6.3,119,4.3,16.6,314,11.2,3.4,54,1.9,584,20.9,19
Idaho State,25,10,15,40.0,1629.0,65.2,54.2,108.4,600,1319,45.5,420,590,71.2,146,382,38.2,51.0,55.2,44.7,51.4,23.8,24.8,1.08,1766,70.6,52.6,858,34.3,35.0,286,11.4,70.2,572,22.9,92,3.7,48.2,289,11.6,0.92,11.4,185,7.4,19.3,315,12.6,5.1,68,2.7,456,18.2,13
Illinois,27,15,12,55.6,1729.0,64.0,51.5,102.6,624,1535,40.7,364,498,73.1,162,513,31.6,45.9,50.1,32.4,52.1,20.5,27.4,1.03,1774,65.7,50.9,938,34.7,32.6,311,11.5,69.2,627,23.2,76,2.8,43.4,271,10.0,0.96,8.9,154,5.7,16.3,282,10.4,7.5,108,4.0,475,17.6,5
Illinois State,28,15,13,53.6,1945.0,69.5,47.7,100.0,644,1570,41.0,448,629,71.2,209,656,31.9,47.7,52.0,40.1,44.7,23.0,32.2,1.0,1945,69.5,48.6,971,34.7,27.0,274,9.8,70.2,697,24.9,99,3.5,55.0,354,12.6,0.99,11.2,218,7.8,18.3,356,12.7,8.2,126,4.5,586,20.9,20
Incarnate Word,24,19,5,79.2,1793.0,74.7,54.9,112.5,696,1408,49.4,443,641,69.1,181,465,38.9,55.9,58.9,45.5,51.1,22.0,26.9,1.12,2017,84.0,51.8,968,40.3,32.1,265,11.0,71.4,703,29.3,76,3.2,55.6,387,16.1,1.13,8.7,156,6.5,19.1,343,14.3,6.8,103,4.3,423,17.6,6
Indiana,26,15,11,57.7,1802.0,69.3,53.7,105.2,633,1416,44.7,492,678,72.6,137,402,34.1,49.5,54.5,47.9,52.3,26.0,21.7,1.05,1895,72.9,55.7,1044,40.2,38.7,340,13.1,72.7,704,27.1,83,3.2,45.5,288,11.1,0.73,8.8,159,6.1,22.0,396,15.2,7.7,116,4.5,464,17.8,5
Indiana State,28,21,7,75.0,1855.0,66.3,51.6,108.4,673,1478,45.5,481,661,72.8,184,522,35.2,51.8,56.1,44.7,48.6,23.9,27.4,1.08,2011,71.8,50.7,925,33.0,28.4,256,9.1,72.9,669,23.9,85,3.0,55.4,373,13.3,1.16,9.3,172,6.1,17.4,322,11.5,7.1,104,3.7,521,18.6,5
Iona,27,19,8,70.4,1941.0,71.9,53.3,116.5,768,1596,48.1,442,624,70.8,280,703,39.8,56.9,59.7,39.1,43.2,19.5,37.2,1.16,2261,83.7,45.4,894,33.1,25.7,235,8.7,65.0,659,24.4,92,3.4,60.8,467,17.3,1.63,9.4,183,6.8,14.7,286,10.6,5.6,96,3.6,484,17.9,10
Iowa,27,19,8,70.4,1932.0,71.6,58.6,116.7,763,1620,47.1,569,778,73.1,159,433,36.7,52.0,56.6,48.0,53.6,25.2,21.2,1.17,2254,83.5,54.9,1135,42.0,38.3,369,13.7,71.5,766,28.4,67,2.5,57.7,440,16.3,1.41,9.6,186,6.9,16.1,311,11.5,8.6,140,5.2,481,17.8,10
Iowa State,26,21,5,80.8,1917.0,73.7,54.2,113.4,766,1618,47.3,430,617,69.7,212,629,33.7,53.9,56.9,38.1,51.0,19.8,29.3,1.13,2174,83.6,49.0,1007,38.7,27.0,255,9.8,71.0,752,28.9,72,2.8,63.6,487,18.7,1.82,8.5,162,6.2,13.9,267,10.3,4.6,76,2.9,451,17.3,12
IPFW,29,20,9,69.0,1947.0,69.5,55.7,113.8,770,1570,49.0,443,670,66.1,232,586,39.6,56.4,58.7,42.7,48.6,20.0,31.4,1.14,2216,76.4,52.7,984,33.9,33.8,307,10.6,71.6,677,23.3,85,2.9,54.0,416,14.3,1.15,9.9,193,6.7,18.6,362,12.5,4.5,73,2.5,481,16.6,7
IUPUI,29,6,23,20.7,1947.0,67.1,48.9,99.8,709,1621,43.7,400,533,75.0,125,413,30.3,47.6,51.8,32.9,60.1,20.6,19.3,1.0,1943,67.0,47.1,914,31.5,24.1,235,8.1,70.1,679,23.4,69,2.4,43.3,307,10.6,0.99,7.3,143,4.9,16.0,311,10.7,5.4,90,3.1,465,16.0,7
Jackson State,26,10,16,38.5,1776.0,68.3,49.8,95.9,590,1417,41.6,424,588,72.1,99,339,29.2,45.1,50.2,41.5,57.7,24.9,17.4,0.96,1703,65.5,51.8,929,35.7,34.3,315,12.1,69.3,614,23.6,72,2.8,42.0,248,9.5,0.62,8.8,157,6.0,22.5,400,15.4,6.5,85,3.3,607,23.3,26
Jacksonville,27,11,16,40.7,1918.0,71.0,52.8,106.4,694,1572,44.1,487,684,71.2,166,495,33.5,49.4,53.8,43.5,51.7,23.9,24.4,1.06,2041,75.6,48.6,923,34.2,32.8,328,12.1,64.4,595,22.0,50,1.9,51.6,358,13.3,0.99,10.3,197,7.3,18.9,362,13.4,6.1,96,3.6,509,18.9,8
Jacksonville St,30,10,20,33.3,1909.0,65.8,51.7,102.7,667,1585,42.1,457,673,67.9,170,526,32.3,47.4,51.5,42.5,50.7,23.3,26.0,1.03,1961,65.4,48.7,919,30.6,31.3,325,10.8,66.0,594,19.8,97,3.2,53.1,354,11.8,1.06,9.7,186,6.2,17.5,334,11.1,6.9,105,3.5,577,19.2,14
James Madison,28,11,17,39.3,1822.0,65.1,48.6,96.2,585,1420,41.2,451,663,68.0,132,486,27.2,45.8,50.5,46.7,51.7,25.7,22.6,0.96,1753,62.6,48.8,944,33.7,29.3,277,9.9,68.2,667,23.8,87,3.1,41.9,245,8.8,0.69,9.5,174,6.2,19.4,354,12.6,5.7,85,3.0,523,18.7,14
Kansas,28,22,6,78.6,1930.0,68.9,57.8,115.8,772,1540,50.1,535,759,70.5,155,438,35.4,55.2,58.8,49.3,55.2,23.9,20.8,1.16,2234,79.8,53.9,1070,38.2,37.5,329,11.8,70.2,741,26.5,66,2.4,57.1,441,15.8,1.21,8.4,163,5.8,18.9,365,13.0,10.3,162,5.8,589,21.0,8
Kansas State,28,19,9,67.9,1853.0,66.2,53.8,104.2,680,1559,43.6,403,622,64.8,168,508,33.1,49.0,52.1,39.9,53.0,20.9,26.1,1.04,1931,69.0,51.1,1011,36.1,34.7,344,12.3,67.4,667,23.8,94,3.4,64.0,435,15.5,1.26,9.3,173,6.2,18.6,344,12.3,5.5,82,2.9,597,21.3,14
Kennesaw State,29,6,23,20.7,1969.0,67.9,48.1,95.0,651,1545,42.1,385,590,65.3,183,525,34.9,48.1,51.2,38.2,50.1,20.6,29.4,0.95,1870,64.5,48.2,945,32.6,31.2,314,10.8,65.2,631,21.8,109,3.8,50.2,327,11.3,0.71,8.8,173,6.0,23.5,463,16.0,5.5,88,3.0,623,21.5,14
Kent State,27,15,12,55.6,1819.0,67.4,51.3,104.9,657,1512,43.5,390,568,68.7,204,585,34.9,50.2,53.5,37.6,47.5,20.4,32.1,1.05,1908,70.7,49.5,902,33.4,30.1,285,10.6,68.9,617,22.9,108,4.0,47.6,313,11.6,0.97,9.2,168,6.2,17.8,324,12.0,6.1,87,3.2,564,20.9,11
Kentucky,27,21,6,77.8,1842.0,68.2,59.6,114.7,707,1511,46.8,562,821,68.5,136,422,32.2,51.3,55.6,54.3,54.1,26.6,19.3,1.15,2112,78.2,55.9,1117,41.4,42.8,391,14.5,68.9,726,26.9,86,3.2,45.1,319,11.8,0.96,6.8,126,4.7,18.0,331,12.3,11.0,175,6.5,505,18.7,9
La Salle,26,12,14,46.2,1734.0,66.7,52.0,101.6,605,1484,40.8,404,576,70.1,147,462,31.8,45.7,50.1,38.8,52.0,22.9,25.0,1.02,1761,67.7,50.9,945,36.3,33.8,324,12.5,68.0,621,23.9,113,4.3,53.1,321,12.3,1.06,7.8,136,5.2,17.5,304,11.7,6.5,97,3.7,418,16.1,7
LA-Lafayette,27,10,17,37.0,1712.0,65.8,51.2,112.4,647,1384,46.7,366,488,75.0,196,478,41.0,53.8,59.5,35.3,46.9,19.0,30.6,1.12,1924,71.3,47.0,794,29.4,28.5,228,8.4,65.5,566,21.0,99,3.7,51.5,333,12.3,1.03,7.9,135,5.0,18.9,324,12.0,4.2,60,2.2,473,17.5,4
Lamar,26,3,23,11.5,1805.0,69.4,47.4,95.0,608,1397,43.5,414,555,74.6,84,249,33.7,46.5,51.6,39.7,61.1,24.2,14.7,0.95,1714,65.9,45.9,803,30.9,26.6,230,8.8,65.2,573,22.0,79,3.0,51.6,314,12.1,0.84,7.6,137,5.3,20.6,372,14.3,5.0,76,2.9,473,18.2,12
Lehigh,29,14,15,48.3,1868.0,66.7,48.8,104.7,671,1529,43.9,364,517,70.4,178,474,37.6,49.7,55.1,33.8,50.4,18.6,27.3,1.05,1955,67.4,46.1,923,31.8,25.6,238,8.2,66.6,685,23.6,103,3.6,54.8,368,12.7,1.1,7.3,136,4.7,17.9,334,11.5,5.7,94,3.2,501,17.3,9
Liberty,30,11,19,36.7,1953.0,65.1,55.6,107.6,763,1666,45.8,409,583,70.2,167,470,35.5,50.8,54.1,35.0,56.7,19.5,23.8,1.08,2102,70.1,54.7,1118,37.3,38.6,384,12.8,70.8,734,24.5,90,3.0,51.8,395,13.2,0.99,7.0,137,4.6,20.4,398,13.3,6.4,106,3.5,527,17.6,7
Lipscomb,27,13,14,48.1,1920.0,73.8,49.0,104.8,645,1492,43.2,483,711,67.9,240,677,35.5,51.3,55.0,47.7,40.2,24.0,35.8,1.05,2013,74.6,47.0,869,32.2,26.3,256,9.5,67.7,613,22.7,80,3.0,57.5,371,13.7,1.07,9.5,182,6.7,18.1,348,12.9,3.4,51,1.9,596,22.1,25
Long Beach St,26,12,14,46.2,1745.0,67.1,54.3,103.0,662,1552,42.7,319,488,65.4,154,492,31.3,47.6,50.4,31.4,56.5,17.8,25.7,1.03,1797,69.1,51.3,958,36.8,35.5,350,13.5,67.0,608,23.4,92,3.5,48.5,321,12.3,1.03,9.3,162,6.2,17.8,311,12.0,4.3,62,2.4,464,17.8,7
LIU Brooklyn,27,9,18,33.3,1846.0,68.4,51.0,104.9,653,1516,43.1,427,595,71.8,203,586,34.6,49.8,53.8,39.2,46.5,22.1,31.5,1.05,1936,71.7,47.8,916,33.9,30.6,294,10.9,65.0,622,23.0,123,4.6,58.0,379,14.0,1.11,6.3,117,4.3,18.5,342,12.7,3.9,64,2.4,473,17.5,19
Longwood,30,8,22,26.7,2090.0,69.7,49.9,100.7,764,1715,44.5,403,554,72.7,173,482,35.9,49.6,53.2,32.3,56.2,19.2,24.7,1.01,2104,70.1,46.0,932,31.1,27.6,286,9.5,64.4,646,21.5,100,3.3,54.2,414,13.8,1.06,9.8,204,6.8,18.7,391,13.0,3.2,54,1.8,584,19.5,10
Louisiana-Lafayette,28,18,10,64.3,2057.0,73.5,55.4,110.5,782,1677,46.6,516,756,68.3,192,539,35.6,52.4,55.8,45.1,51.9,22.7,25.4,1.1,2272,81.1,51.2,1037,37.0,35.7,362,12.9,66.6,675,24.1,75,2.7,49.4,386,13.8,0.99,10.5,217,7.8,18.9,389,13.9,6.9,113,4.0,584,20.9,9
Louisiana Tech,28,22,6,78.6,2054.0,73.4,56.7,113.4,805,1754,45.9,510,746,68.4,209,651,32.1,51.9,55.2,42.5,51.2,21.9,26.9,1.13,2329,83.2,52.3,1120,40.0,34.2,369,13.2,70.4,751,26.8,107,3.8,56.6,456,16.3,1.44,12.9,264,9.4,15.4,316,11.3,9.2,147,5.3,541,19.3,9
UL Monroe,22,8,14,36.4,1481.0,67.3,49.6,96.7,517,1207,42.8,281,446,63.0,117,360,32.5,47.7,50.5,37.0,55.9,19.6,24.5,0.97,1432,65.1,49.2,758,34.5,29.6,228,10.4,68.7,530,24.1,57,2.6,54.9,284,12.9,0.96,9.1,135,6.1,19.9,295,13.4,6.7,83,3.8,406,18.5,11
Louisville,27,23,4,85.2,1859.0,68.9,60.2,119.2,783,1639,47.8,434,664,65.4,216,583,37.0,54.4,56.7,40.5,51.2,19.6,29.2,1.19,2216,82.1,52.2,1024,37.9,37.5,369,13.7,66.9,655,24.3,46,1.7,53.3,417,15.4,1.51,13.9,258,9.6,14.8,276,10.2,9.2,133,4.9,540,20.0,11
Loyola (IL),29,9,20,31.0,1859.0,64.1,49.9,102.0,680,1462,46.5,366,531,68.9,171,498,34.3,52.4,55.3,36.3,53.7,19.3,27.0,1.02,1897,65.4,48.3,898,31.0,27.7,246,8.5,68.8,652,22.5,72,2.5,56.3,383,13.2,0.98,8.7,162,5.6,21.1,392,13.5,4.7,71,2.4,566,19.5,12
Loyola (MD),27,10,17,37.0,1808.0,67.0,50.1,97.7,612,1486,41.2,412,618,66.7,131,414,31.6,45.6,49.6,41.6,54.4,23.3,22.2,0.98,1767,65.4,47.2,844,31.3,30.5,296,11.0,63.8,548,20.3,80,3.0,48.4,296,11.0,0.91,12.3,223,8.3,18.0,326,12.1,7.9,115,4.3,524,19.4,14
Loyola Mary,28,11,17,39.3,1974.0,73.1,53.4,104.8,744,1687,44.1,455,599,76.0,125,417,30.0,47.8,52.4,35.5,59.9,22.0,18.1,1.05,2068,73.9,49.1,950,33.9,33.5,341,12.2,64.6,609,21.8,101,3.6,49.2,366,13.1,1.07,10.3,203,7.3,17.4,343,12.3,6.8,110,3.9,562,20.1,10
LSU,26,16,10,61.5,1894.0,72.8,54.9,106.7,730,1621,45.0,386,570,67.7,174,510,34.1,50.4,53.4,35.2,55.0,19.1,25.8,1.07,2020,77.7,52.3,1053,40.5,36.8,363,14.0,67.8,690,26.5,106,4.1,51.8,378,14.5,1.02,11.5,217,8.3,19.6,371,14.3,10.4,163,6.3,509,19.6,6
Maine,26,5,21,19.2,1939.0,74.6,48.2,97.6,691,1537,45.0,339,512,66.2,171,488,35.0,50.5,53.1,33.3,55.0,17.9,27.1,0.98,1892,72.8,44.8,864,33.2,24.8,236,9.1,64.7,628,24.2,99,3.8,54.3,375,14.4,0.97,9.8,190,7.3,20.0,387,14.9,3.6,59,2.3,545,21.0,17
Manhattan,27,20,7,74.1,1962.0,72.7,53.7,106.9,671,1505,44.6,582,874,66.6,174,477,36.5,50.4,54.6,58.1,47.4,27.7,24.9,1.07,2098,77.7,50.5,1018,37.7,34.6,346,12.8,66.4,672,24.9,113,4.2,53.9,362,13.4,0.93,11.7,230,8.5,19.9,390,14.4,11.6,173,6.4,683,25.3,16
Marist,28,11,17,39.3,1907.0,68.1,48.6,97.9,626,1552,40.3,440,619,71.1,174,513,33.9,45.9,50.5,39.9,48.4,23.6,28.0,0.98,1866,66.6,48.6,950,33.9,29.8,302,10.8,67.3,648,23.1,105,3.8,48.4,303,10.8,0.85,9.3,177,6.3,18.8,358,12.8,6.8,108,3.9,513,18.3,6
Marquette,27,16,11,59.3,1828.0,67.7,54.6,106.3,677,1515,44.7,466,674,69.1,124,406,30.5,48.8,53.0,44.5,56.9,24.0,19.1,1.06,1944,72.0,52.2,980,36.3,34.7,324,12.0,69.6,656,24.3,72,2.7,57.9,392,14.5,1.23,9.5,174,6.4,17.5,319,11.8,5.8,86,3.2,521,19.3,11
Marshall,28,9,19,32.1,1992.0,71.1,53.3,103.8,723,1641,44.1,450,723,62.2,171,557,30.7,49.3,52.1,44.1,53.4,21.8,24.8,1.04,2067,73.8,49.2,1042,37.2,32.5,348,12.4,65.8,694,24.8,108,3.9,48.7,352,12.6,0.96,9.0,179,6.4,18.5,368,13.1,6.1,101,3.6,560,20.0,19
Maryland,28,15,13,53.6,1912.0,70.8,52.9,104.2,701,1606,43.6,397,597,66.5,194,556,34.9,49.7,52.7,37.2,50.9,19.9,29.2,1.04,1993,71.2,52.8,1046,37.4,34.4,343,12.3,71.2,703,25.1,99,3.5,47.1,330,11.8,0.9,9.2,175,6.3,19.2,367,13.1,7.8,120,4.3,555,19.8,11
UMBC,28,9,19,32.1,1970.0,70.4,48.1,94.2,631,1567,40.3,432,661,65.4,162,531,30.5,45.4,49.3,42.2,50.5,23.3,26.2,0.94,1856,66.3,49.3,955,34.1,30.4,324,11.6,68.2,631,22.5,107,3.8,52.8,333,11.9,0.79,11.6,229,8.2,21.3,420,15.0,5.7,81,2.9,667,23.8,16
Maryland-Eastern Shore,26,4,22,15.4,1738.0,69.5,49.7,98.1,558,1416,39.4,441,619,71.2,148,474,31.2,44.6,49.9,43.7,48.1,25.9,26.0,0.98,1705,65.6,48.4,847,32.6,32.5,308,11.8,64.2,539,20.7,88,3.4,51.3,286,11.0,0.87,9.2,160,6.2,18.8,327,12.6,3.8,54,2.1,514,19.8,7
Massachusetts,26,21,5,80.8,1878.0,72.2,54.9,106.7,727,1546,47.0,409,611,66.9,141,396,35.6,51.6,54.6,39.5,58.5,20.4,21.1,1.07,2004,77.1,51.2,1016,39.1,35.1,319,12.3,67.3,697,26.8,114,4.4,57.1,415,16.0,1.15,9.3,174,6.7,19.2,360,13.8,9.4,150,5.8,504,19.4,13
McNeese State,26,8,18,30.8,1808.0,69.5,49.3,96.1,606,1554,39.0,354,500,70.8,171,566,30.2,44.5,48.5,32.2,50.1,20.4,29.5,0.96,1737,66.8,48.2,945,36.3,32.4,330,12.7,64.0,615,23.7,68,2.6,50.5,306,11.8,0.88,9.7,176,6.8,19.1,346,13.3,6.2,96,3.7,469,18.0,10
Memphis,27,21,6,77.8,1942.0,71.9,57.4,110.1,786,1615,48.7,423,651,65.0,144,431,33.4,53.1,55.6,40.3,60.0,19.8,20.2,1.1,2139,79.2,51.5,1030,38.1,36.4,345,12.8,66.6,685,25.4,86,3.2,61.2,481,17.8,1.35,12.4,241,8.9,18.4,357,13.2,8.0,131,4.9,485,18.0,9
Mercer,29,22,7,75.9,1991.0,68.7,56.4,116.5,804,1665,48.3,471,649,72.6,240,619,38.8,55.5,58.8,39.0,48.6,20.3,31.0,1.17,2320,80.0,53.2,1111,38.3,34.9,336,11.6,71.4,775,26.7,106,3.7,61.2,492,17.0,1.37,8.7,173,6.0,18.0,358,12.3,7.6,123,4.2,547,18.9,13
Miami (FL),27,14,13,51.9,1615.0,59.8,52.4,103.2,584,1411,41.4,334,490,68.2,164,489,33.5,47.2,50.7,34.7,50.4,20.0,29.5,1.03,1666,61.7,51.1,950,35.2,33.1,300,11.1,69.0,650,24.1,86,3.2,49.7,290,10.7,1.05,8.4,136,5.0,17.1,276,10.2,7.6,108,4.0,428,15.9,7
Miami (OH),25,10,15,40.0,1683.0,67.3,47.4,96.7,585,1340,43.7,342,456,75.0,116,400,29.0,48.0,52.3,34.0,57.6,21.0,21.4,0.97,1628,65.1,48.0,777,31.1,25.6,212,8.5,70.3,565,22.6,77,3.1,53.5,313,12.5,0.91,12.7,213,8.5,20.4,343,13.7,4.3,58,2.3,434,17.4,12
Michigan,26,19,7,73.1,1661.0,63.9,54.9,117.6,674,1406,47.9,388,510,76.1,217,551,39.4,55.7,59.2,36.3,46.8,19.9,33.3,1.18,1953,75.1,50.5,846,32.5,29.4,234,9.0,71.5,612,23.5,68,2.6,55.6,375,14.4,1.51,8.1,135,5.2,14.9,248,9.5,4.8,68,2.6,383,14.7,5
Michigan State,28,22,6,78.6,1903.0,68.0,55.4,113.7,774,1639,47.2,385,554,69.5,231,596,38.8,54.3,56.9,33.8,50.2,17.8,32.0,1.14,2164,77.3,52.5,1057,37.8,32.5,307,11.0,72.5,750,26.8,68,2.4,62.7,485,17.3,1.55,10.6,201,7.2,16.4,313,11.2,8.6,132,4.7,535,19.1,6
Middle Tennessee,28,21,7,75.0,1882.0,67.2,56.2,108.9,714,1555,45.9,468,704,66.5,153,451,33.9,50.8,54.2,45.3,54.8,22.8,22.4,1.09,2049,73.2,53.4,1038,37.1,36.2,350,12.5,70.6,688,24.6,92,3.3,54.6,390,13.9,1.16,11.0,207,7.4,17.9,337,12.0,9.5,138,4.9,564,20.1,19
Milwaukee,29,16,13,55.2,2011.0,69.3,48.2,101.7,671,1560,43.0,501,696,72.0,202,632,32.0,49.5,54.1,44.6,45.8,24.5,29.6,1.02,2046,70.6,47.7,971,33.5,27.0,271,9.3,68.4,700,24.1,109,3.8,59.2,397,13.7,1.01,8.3,166,5.7,19.6,394,13.6,4.4,73,2.5,523,18.0,12
Minnesota,29,18,11,62.1,1918.0,66.1,53.5,109.2,717,1606,44.6,455,610,74.6,205,587,34.9,51.0,55.2,38.0,48.9,21.7,29.4,1.09,2094,72.2,51.4,1018,35.1,33.6,328,11.3,69.2,690,23.8,102,3.5,56.5,405,14.0,1.16,11.5,221,7.6,18.1,348,12.0,8.1,128,4.4,561,19.3,15
Mississippi St,27,13,14,48.1,1879.0,69.6,49.7,98.2,648,1459,44.4,424,645,65.7,125,407,30.7,48.7,52.3,44.2,56.7,23.0,20.3,0.98,1845,68.3,49.0,896,33.2,28.4,266,9.9,69.6,630,23.3,91,3.4,51.5,334,12.4,0.88,11.5,216,8.0,20.2,380,14.1,4.8,73,2.7,480,17.8,14
Miss Valley St,28,9,19,32.1,2080.0,74.3,49.1,97.5,713,1687,42.3,429,637,67.3,173,542,31.9,47.4,51.0,37.8,53.3,21.2,25.6,0.98,2028,72.4,49.3,966,34.5,28.9,314,11.2,69.7,652,23.3,122,4.4,44.0,314,11.2,0.77,10.5,218,7.8,19.5,406,14.5,3.3,53,1.9,628,22.4,9
Missouri,28,19,9,67.9,1868.0,66.7,54.6,111.2,676,1469,46.0,552,753,73.3,174,483,36.0,51.9,56.9,51.3,48.3,26.6,25.1,1.11,2078,74.2,52.7,1053,37.6,35.3,316,11.3,70.0,737,26.3,81,2.9,43.8,296,10.6,0.85,7.0,131,4.7,18.6,348,12.4,5.5,88,3.1,547,19.5,8
Missouri State,29,19,10,65.5,1921.0,66.2,50.6,107.2,688,1554,44.3,476,665,71.6,207,562,36.8,50.9,55.1,42.8,46.7,23.1,30.2,1.07,2059,71.0,49.5,948,32.7,27.0,258,8.9,71.9,690,23.8,72,2.5,52.2,359,12.4,1.13,7.4,142,4.9,16.5,317,10.9,5.6,85,2.9,581,20.0,16
UMKC,26,8,18,30.8,1864.0,71.7,48.3,95.0,619,1475,42.0,396,628,63.1,134,469,28.6,46.5,49.9,42.6,54.8,22.4,22.7,0.95,1771,68.1,48.2,872,33.5,27.6,267,10.3,68.8,605,23.3,82,3.2,46.2,286,11.0,0.8,10.4,193,7.4,19.3,359,13.8,4.0,59,2.3,535,20.6,19
Monmouth,29,10,19,34.5,2050.0,70.7,51.8,98.5,708,1695,41.8,436,687,63.5,167,502,33.3,46.7,49.9,40.5,53.6,21.6,24.8,0.98,2019,69.6,51.7,1088,37.5,33.9,383,13.2,69.5,705,24.3,126,4.3,49.2,348,12.0,0.85,9.8,201,6.9,20.0,411,14.2,5.6,89,3.1,628,21.7,16
Montana,25,14,11,56.0,1592.0,63.7,51.3,113.6,592,1236,47.9,433,583,74.3,191,498,38.4,55.6,59.8,47.2,44.4,23.9,31.7,1.14,1808,72.3,44.7,675,27.0,23.7,171,6.8,65.6,504,20.2,75,3.0,48.1,285,11.4,1.14,8.1,129,5.2,15.7,250,10.0,5.1,65,2.6,517,20.7,11
Montana State,27,13,14,48.1,1806.0,69.5,50.4,103.8,661,1481,44.6,384,541,71.0,169,471,35.9,50.3,53.9,36.5,52.5,20.5,27.0,1.04,1875,69.4,50.7,852,31.6,26.3,241,8.9,75.1,611,22.6,84,3.1,44.3,293,10.9,0.95,10.0,181,6.7,17.2,310,11.5,3.3,46,1.7,502,18.6,6
Morehead State,29,19,10,65.5,2100.0,72.4,55.1,106.9,747,1652,45.2,586,840,69.8,165,536,30.8,50.2,54.7,50.8,51.8,26.1,22.0,1.07,2245,77.4,56.6,1129,38.9,40.4,417,14.4,72.7,712,24.6,96,3.3,53.5,400,13.8,0.87,11.1,234,8.1,22.0,461,15.9,5.7,88,3.0,674,23.2,31
Morgan State,25,11,14,44.0,1767.0,70.7,54.6,101.1,648,1508,43.0,376,623,60.4,115,433,26.6,46.8,49.5,41.3,59.7,21.0,19.3,1.01,1787,71.5,49.6,941,37.6,34.1,342,13.7,65.0,599,24.0,104,4.2,48.8,316,12.6,1.04,9.5,168,6.7,17.3,305,12.2,8.7,125,5.0,529,21.2,10
Mount St Mary's,27,12,15,44.4,1926.0,71.3,50.5,107.0,696,1591,43.7,420,569,73.8,248,688,36.0,51.5,55.3,35.8,43.5,20.4,36.1,1.07,2060,76.3,47.1,864,32.0,28.2,274,10.1,65.9,590,21.9,89,3.3,46.3,322,11.9,0.97,9.8,189,7.0,17.2,331,12.3,5.3,86,3.2,508,18.8,11
Murray State,26,17,9,65.4,1765.0,70.6,56.0,111.2,668,1416,47.2,447,694,64.4,180,481,37.4,53.5,56.2,49.0,49.7,22.8,27.5,1.11,1963,75.5,51.4,938,36.1,35.2,312,12.0,67.5,626,24.1,89,3.4,49.6,331,12.7,0.99,8.4,148,5.7,18.9,333,12.8,7.0,104,4.0,495,19.0,15
Navy,27,9,18,33.3,1732.0,64.1,48.7,95.2,595,1478,40.3,275,432,63.7,184,551,33.4,46.5,49.0,29.2,49.8,16.7,33.5,0.95,1649,61.1,50.3,905,33.5,29.5,289,10.7,71.1,616,22.8,103,3.8,58.5,348,12.9,1.03,9.8,169,6.3,19.6,339,12.6,6.4,87,3.2,514,19.0,9
NC State,27,17,10,63.0,1799.0,66.6,55.5,105.7,714,1567,45.6,357,548,65.1,116,395,29.4,49.3,52.0,35.0,62.9,18.8,18.3,1.06,1901,70.4,49.1,948,35.1,34.1,321,11.9,64.0,627,23.2,85,3.1,47.8,341,12.6,1.14,7.2,130,4.8,16.6,299,11.1,7.4,113,4.2,501,18.6,10
Nebraska,26,16,10,61.5,1710.0,65.8,49.3,102.9,584,1368,42.7,433,609,71.1,159,465,34.2,48.5,53.1,44.5,48.3,24.6,27.1,1.03,1760,67.7,48.9,865,33.3,26.4,233,9.0,71.3,632,24.3,87,3.3,44.2,258,9.9,0.89,10.9,187,7.2,16.9,289,11.1,5.9,79,3.0,534,20.5,15
Omaha,28,15,13,53.6,2072.0,74.0,50.9,107.3,762,1706,44.7,505,661,76.4,193,569,33.9,50.3,55.0,38.7,51.2,22.7,26.0,1.07,2223,79.4,48.6,953,34.0,28.3,283,10.1,68.9,670,23.9,97,3.5,55.9,426,15.2,1.22,11.0,227,8.1,16.8,349,12.5,4.8,79,2.8,525,18.8,17
Nevada,28,13,15,46.4,1876.0,67.0,53.6,108.6,699,1592,43.9,451,626,72.0,188,556,33.8,49.8,53.9,39.3,50.2,22.1,27.7,1.09,2037,72.8,50.4,979,35.0,31.9,315,11.3,68.8,664,23.7,93,3.3,42.6,298,10.6,0.99,7.3,137,4.9,16.0,300,10.7,7.9,125,4.5,526,18.8,8
New Hampshire,27,6,21,22.2,1727.0,64.0,44.8,90.2,526,1415,37.2,321,461,69.6,185,578,32.0,43.7,47.7,32.6,43.8,20.6,35.6,0.9,1558,57.7,50.0,945,35.0,27.4,264,9.8,72.5,681,25.2,106,3.9,49.0,258,9.6,0.74,6.4,111,4.1,20.1,347,12.9,6.6,94,3.5,511,18.9,20
N.J.I.T.,29,13,16,44.8,2013.0,69.4,50.2,104.8,728,1638,44.4,435,603,72.1,216,578,37.4,51.0,54.8,36.8,48.6,20.6,30.7,1.05,2109,72.7,48.7,990,34.1,28.7,284,9.8,68.8,706,24.3,92,3.2,54.1,394,13.6,1.04,9.3,187,6.4,18.8,379,13.1,6.5,104,3.6,585,20.2,20
New Mexico,27,22,5,81.5,1810.0,67.0,55.4,112.5,685,1499,45.7,507,701,72.3,159,459,34.6,51.0,55.6,46.8,51.7,24.9,23.4,1.12,2036,75.4,52.3,1038,38.4,33.0,298,11.0,71.5,740,27.4,87,3.2,59.7,409,15.1,1.49,7.4,134,5.0,15.2,275,10.2,8.8,140,5.2,462,17.1,9
New Mexico St,29,21,8,72.4,1980.0,68.3,57.4,114.8,762,1544,49.4,586,853,68.7,163,438,37.2,54.6,58.3,55.2,52.7,25.8,21.5,1.15,2273,78.4,51.8,1066,36.8,37.4,341,11.8,66.2,725,25.0,67,2.3,50.3,383,13.2,1.02,7.1,140,4.8,19.0,376,13.0,10.7,185,6.4,491,16.9,9
New Orleans,22,11,11,50.0,1604.0,72.9,51.4,99.2,530,1220,43.4,411,612,67.2,120,348,34.5,48.4,52.7,50.2,51.5,25.8,22.6,0.99,1591,72.3,53.1,839,38.1,35.2,285,13.0,70.9,554,25.2,65,3.0,51.3,272,12.4,0.75,9.6,154,7.0,22.8,365,16.6,5.9,74,3.4,466,21.2,7
Niagara,29,6,23,20.7,2151.0,74.2,52.5,102.7,745,1747,42.6,573,829,69.1,146,490,29.8,46.8,51.6,47.5,54.2,25.9,19.8,1.03,2209,76.2,48.9,1010,34.8,33.2,378,13.0,64.6,632,21.8,119,4.1,40.1,299,10.3,0.76,9.8,211,7.3,18.2,391,13.5,3.8,63,2.2,693,23.9,30
Nicholls State,23,11,12,47.8,1570.0,68.3,51.0,100.5,568,1275,44.5,306,485,63.1,136,449,30.3,49.9,52.4,38.0,54.8,19.4,25.9,1.01,1578,68.6,48.2,712,31.0,28.4,229,10.0,67.9,483,21.0,67,2.9,53.7,305,13.3,1.06,8.8,138,6.0,18.3,287,12.5,5.2,60,2.6,559,24.3,18
Norfolk State,27,16,11,59.3,1827.0,67.7,56.6,109.1,717,1531,46.8,413,597,69.2,147,436,33.7,51.6,54.9,39.0,57.2,20.7,22.1,1.09,1994,73.9,52.0,969,35.9,37.7,348,12.9,66.3,621,23.0,105,3.9,53.1,381,14.1,1.08,9.3,169,6.3,19.3,352,13.0,7.2,107,4.0,548,20.3,14
North Carolina State,27,20,7,74.1,1915.0,70.9,58.4,108.5,753,1628,46.3,462,732,63.1,110,327,33.6,49.6,52.6,45.0,61.9,22.2,15.9,1.09,2078,77.0,54.0,1105,40.9,38.8,392,14.5,69.1,713,26.4,78,2.9,56.8,428,15.9,1.29,10.6,203,7.5,17.3,331,12.3,8.8,138,5.1,537,19.9,16
North Carolina A&T,28,8,20,28.6,1905.0,68.0,48.0,96.7,551,1427,38.6,585,827,70.7,155,498,31.1,44.0,50.6,58.0,43.0,31.8,25.2,0.97,1842,65.8,50.5,1008,36.0,33.2,336,12.0,67.7,672,24.0,126,4.5,49.0,270,9.6,0.64,6.8,129,4.6,22.1,421,15.0,7.6,115,4.1,648,23.1,20
North Carolina Cent,27,22,5,81.5,1788.0,66.2,55.5,110.8,669,1455,46.0,500,686,72.9,143,431,33.2,50.9,55.6,47.1,53.1,25.2,21.7,1.11,1981,73.4,51.9,962,35.6,36.4,322,11.9,67.4,640,23.7,104,3.9,59.6,399,14.8,1.21,12.5,223,8.3,18.5,331,12.3,8.3,114,4.2,541,20.0,20
UNC Asheville,28,15,13,53.6,1967.0,70.3,53.4,108.2,713,1607,44.4,519,699,74.2,183,525,34.9,50.1,54.9,43.5,49.8,24.4,25.8,1.08,2128,76.0,50.9,1061,37.9,35.4,345,12.3,66.3,716,25.6,75,2.7,49.2,351,12.5,0.94,9.4,185,6.6,19.0,374,13.4,10.0,167,6.0,542,19.4,13
UNC Greensboro,29,13,16,44.8,2000.0,71.4,50.2,103.6,703,1602,43.9,441,642,68.7,158,448,35.3,48.8,54.3,40.1,52.6,21.3,22.9,1.04,2072,71.4,50.9,1034,35.7,29.9,299,10.3,71.8,735,25.3,66,2.3,48.8,343,11.8,0.87,8.1,161,5.6,19.8,396,13.7,4.3,69,2.4,586,20.2,19
UNC-Wilmington,30,9,21,30.0,1966.0,65.5,51.3,96.2,696,1710,40.7,373,573,65.1,126,465,27.1,44.4,47.7,33.5,60.3,19.7,20.0,0.96,1891,63.0,49.4,1069,35.6,31.8,359,12.0,67.0,710,23.7,93,3.1,45.8,319,10.6,0.92,9.2,180,6.0,17.5,345,11.5,7.3,122,4.1,533,17.8,7
North Dakota,26,12,14,46.2,1782.0,71.3,53.8,107.1,679,1477,46.0,387,578,67.0,164,489,33.5,51.5,54.5,39.1,54.0,20.3,25.8,1.07,1909,73.4,48.8,805,31.0,30.6,277,10.7,67.0,528,20.3,74,2.8,47.7,324,12.5,1.08,12.6,225,8.7,16.9,301,11.6,5.2,70,2.7,528,20.3,3
North Dakota St,27,21,6,77.8,1758.0,65.1,57.5,117.5,737,1458,50.5,449,601,74.7,142,403,35.2,55.4,59.2,41.2,57.6,21.7,20.6,1.17,2065,76.5,52.8,886,32.8,32.5,260,9.6,73.1,626,23.2,53,2.0,43.7,322,11.9,1.17,10.2,180,6.7,15.7,276,10.2,8.6,121,4.5,484,17.9,11
North Florida,29,14,15,48.3,1998.0,71.4,51.6,104.0,708,1607,44.1,452,649,69.6,210,581,36.1,50.6,54.2,40.4,47.9,21.8,30.3,1.04,2078,71.7,51.9,1065,36.7,33.6,343,11.8,70.2,722,24.9,94,3.2,51.6,365,12.6,0.85,7.3,146,5.0,21.6,431,14.9,6.8,114,3.9,539,18.6,15
North Texas,27,14,13,51.9,1917.0,71.0,51.3,99.7,673,1562,43.1,431,644,66.9,134,391,34.3,47.4,51.2,41.2,56.4,22.6,21.0,1.0,1911,70.8,49.8,1008,37.3,30.9,312,11.6,68.8,696,25.8,102,3.8,42.5,286,10.6,0.8,9.3,179,6.6,18.6,357,13.2,6.0,96,3.6,538,19.9,9
Northeastern,29,9,20,31.0,1889.0,65.1,51.8,100.1,667,1527,43.7,414,655,63.2,143,443,32.3,48.4,51.4,42.9,55.4,21.9,22.7,1.0,1891,65.2,50.9,996,34.3,32.3,320,11.0,69.5,676,23.3,91,3.1,51.4,343,11.8,0.9,8.5,161,5.6,20.1,380,13.1,6.5,104,3.6,504,17.4,12
N Arizona,27,11,16,40.7,1756.0,65.0,51.8,103.5,651,1440,45.2,376,521,72.2,139,405,34.3,50.0,53.8,36.2,56.4,20.7,22.9,1.03,1817,67.3,51.6,875,32.4,31.9,275,10.2,71.3,600,22.2,67,2.5,43.0,280,10.4,0.81,9.6,169,6.3,19.7,346,12.8,7.7,109,4.0,469,17.4,6
N Colorado,25,16,9,64.0,1638.0,65.5,57.4,114.0,679,1379,49.2,354,524,67.6,155,390,39.7,54.9,57.3,38.0,56.1,19.0,24.9,1.14,1867,74.7,53.5,839,33.6,35.4,282,11.3,71.5,557,22.3,71,2.8,43.7,297,11.9,1.0,8.7,143,5.7,18.1,296,11.8,4.5,59,2.4,488,19.5,6
N Illinois,26,12,14,46.2,1698.0,65.3,51.6,96.5,531,1362,39.0,463,691,67.0,113,401,28.2,43.1,48.5,50.7,51.0,28.3,20.7,0.96,1638,63.0,54.1,997,38.3,38.1,365,14.0,70.1,632,24.3,95,3.7,42.2,224,8.6,0.6,9.6,163,6.3,22.1,375,14.4,5.9,80,3.1,516,19.8,9
Northern Iowa,28,14,14,50.0,1854.0,66.2,51.0,110.8,691,1522,45.4,432,592,73.0,240,660,36.4,53.3,57.0,38.9,43.9,21.0,35.1,1.11,2054,73.4,48.7,908,32.4,25.8,238,8.5,71.5,670,23.9,60,2.1,56.6,391,14.0,1.31,8.6,160,5.7,16.1,299,10.7,5.5,83,3.0,520,18.6,11
Northern Kentucky,28,8,20,28.6,1821.0,65.0,50.1,103.0,649,1516,42.8,370,526,70.3,208,614,33.9,49.7,53.1,34.7,47.0,19.7,33.3,1.03,1876,67.0,48.4,879,31.4,28.9,275,9.8,67.9,604,21.6,72,2.6,47.0,305,10.9,0.92,8.5,155,5.5,18.1,330,11.8,5.8,84,3.0,581,20.8,8
Northwestern,28,12,16,42.9,1782.0,63.6,45.3,95.0,577,1448,39.8,357,504,70.8,182,598,30.4,46.1,50.2,34.8,46.7,21.1,32.3,0.95,1693,60.5,46.9,930,33.2,23.1,219,7.8,70.7,711,25.4,118,4.2,54.4,314,11.2,1.02,6.8,121,4.3,17.3,309,11.0,7.0,106,3.8,520,18.6,16
Northwestern St,25,12,13,48.0,1992.0,79.7,54.1,107.5,770,1669,46.1,464,631,73.5,137,425,32.2,50.2,54.4,37.8,59.1,21.7,19.2,1.07,2141,85.6,47.6,951,38.0,32.0,317,12.7,63.1,634,25.4,85,3.4,53.2,410,16.4,1.2,11.6,231,9.2,17.1,341,13.6,8.6,139,5.6,521,20.8,9
Notre Dame,28,14,14,50.0,1833.0,65.5,54.9,110.6,740,1630,45.4,348,487,71.5,199,555,35.9,51.5,54.5,29.9,53.4,17.2,29.5,1.11,2027,72.4,52.1,969,34.6,33.2,315,11.3,70.9,654,23.4,88,3.1,58.5,433,15.5,1.49,9.1,167,6.0,15.9,291,10.4,5.6,87,3.1,441,15.8,8
Oakland,29,11,18,37.9,2008.0,69.2,50.0,107.2,722,1670,43.2,465,627,74.2,243,653,37.2,50.5,54.7,37.5,44.5,21.6,33.9,1.07,2152,74.2,47.5,908,31.3,26.4,274,9.4,68.6,634,21.9,71,2.4,62.3,450,15.5,1.39,10.0,201,6.9,16.1,323,11.1,3.6,57,2.0,584,20.1,20
Ohio,27,19,8,70.4,1823.0,67.5,51.8,106.5,689,1508,45.7,371,516,71.9,193,565,34.2,52.1,55.4,34.2,51.1,19.1,29.8,1.07,1942,71.9,49.6,970,35.9,30.2,270,10.0,69.0,700,25.9,107,4.0,56.7,391,14.5,1.14,9.4,171,6.3,18.8,342,12.7,8.9,132,4.9,531,19.7,18
Ohio State,28,22,6,78.6,1821.0,65.0,52.8,108.4,676,1495,45.2,446,635,70.2,176,516,34.1,51.1,54.9,42.5,50.7,22.6,26.7,1.08,1974,70.5,49.6,955,34.1,29.7,276,9.9,69.5,679,24.3,64,2.3,50.6,342,12.2,1.11,11.6,211,7.5,16.9,307,11.0,7.9,119,4.3,448,16.0,5
Oklahoma,28,20,8,71.4,2053.0,73.3,54.1,112.5,774,1713,45.2,536,720,74.4,226,602,37.5,51.8,56.2,42.0,47.4,23.2,29.4,1.13,2310,82.5,50.9,1058,37.8,31.9,329,11.8,69.9,729,26.0,93,3.3,51.9,402,14.4,1.23,9.4,193,6.9,15.9,327,11.7,5.7,96,3.4,540,19.3,9
Oklahoma State,28,18,10,64.3,1989.0,71.0,54.5,114.2,759,1614,47.0,554,773,71.7,199,540,36.9,53.2,57.3,47.9,49.3,24.4,26.3,1.14,2271,81.1,49.0,1017,36.3,29.4,285,10.2,68.6,732,26.1,60,2.1,51.0,387,13.8,1.29,10.4,206,7.4,15.1,300,10.7,8.4,136,4.9,550,19.6,15
Old Dominion,28,13,15,46.4,1764.0,65.3,51.3,100.4,599,1441,41.6,368,599,61.4,135,426,31.7,46.3,51.3,41.6,52.4,20.8,22.9,1.0,1771,63.3,52.2,975,34.8,34.0,330,11.8,70.3,645,23.0,76,2.7,45.7,274,9.8,0.74,9.3,164,5.9,21.0,371,13.3,8.1,113,4.0,537,19.2,10
Ole Miss,27,16,11,59.3,1897.0,70.3,53.3,107.9,692,1635,42.3,444,634,70.0,219,603,36.3,49.0,52.9,38.8,46.2,21.7,32.1,1.08,2047,75.8,47.7,974,36.1,32.8,344,12.7,62.6,630,23.3,108,4.0,50.6,350,13.0,1.14,11.0,208,7.7,16.2,307,11.4,10.3,161,6.0,522,19.3,10
Oral Roberts,27,14,13,51.9,1794.0,66.4,54.0,107.1,677,1474,45.9,440,608,72.4,127,363,35.0,50.2,54.5,41.2,57.3,22.9,19.8,1.07,1921,71.1,51.5,962,35.6,33.1,294,10.9,69.9,668,24.7,100,3.7,49.3,334,12.4,1.03,8.1,145,5.4,18.0,323,12.0,8.2,122,4.5,537,19.9,19
Oregon,26,18,8,69.2,1872.0,72.0,54.3,115.1,724,1536,47.1,510,657,77.6,196,505,38.8,53.5,58.3,42.8,49.0,23.7,27.3,1.15,2154,82.8,49.9,883,34.0,32.7,276,10.6,67.1,607,23.3,80,3.1,53.6,388,14.9,1.27,11.4,213,8.2,16.3,306,11.8,5.9,86,3.3,554,21.3,6
Oregon State,26,14,12,53.8,1802.0,69.3,52.9,109.2,665,1379,48.2,493,694,71.0,144,365,39.5,53.4,57.6,50.3,53.0,25.1,22.0,1.09,1967,75.7,48.7,883,34.0,29.5,244,9.4,67.9,639,24.6,101,3.9,53.5,356,13.7,1.05,7.3,132,5.1,18.9,340,13.1,7.7,119,4.6,491,18.9,11
Pacific,27,14,13,51.9,1832.0,67.9,52.8,108.7,668,1500,44.5,483,625,77.3,172,469,36.7,50.3,55.4,41.7,49.8,24.3,25.9,1.09,1991,73.7,52.5,936,34.7,33.1,302,11.2,71.8,634,23.5,86,3.2,49.7,332,12.3,0.99,7.8,143,5.3,18.3,336,12.4,3.6,51,1.9,629,23.3,11
Penn State,27,13,14,48.1,1844.0,68.3,52.2,107.3,677,1561,43.4,448,601,74.5,177,550,32.2,49.0,53.6,38.5,50.5,22.6,26.8,1.07,1979,73.3,49.1,945,35.0,29.5,281,10.4,68.7,664,24.6,79,2.9,46.4,314,11.6,1.14,6.6,121,4.5,14.9,275,10.2,8.5,128,4.7,564,20.9,19
Pennsylvania,23,7,16,30.4,1640.0,71.3,48.2,97.1,569,1252,45.4,337,492,68.5,117,356,32.9,50.1,53.6,39.3,56.8,21.2,22.0,0.97,1592,69.2,47.3,782,34.0,28.6,219,9.5,66.0,563,24.5,87,3.8,60.6,345,15.0,0.9,8.6,141,6.1,23.3,382,16.6,6.0,78,3.4,530,23.0,17
Pepperdine,28,15,13,53.6,1875.0,67.0,52.7,107.0,705,1532,46.0,419,595,70.4,177,494,35.8,51.8,55.3,38.8,52.6,20.9,26.5,1.07,2006,71.6,49.8,980,35.0,31.0,284,10.1,68.5,696,24.9,86,3.1,55.3,390,13.9,1.13,7.3,136,4.9,18.3,344,12.3,7.7,125,4.5,527,18.8,10
Pittsburgh,27,20,7,74.1,1724.0,63.9,57.5,113.2,669,1460,45.8,480,673,71.3,133,384,34.6,50.4,54.8,46.1,54.9,24.6,20.5,1.13,1951,72.3,54.3,988,36.6,37.7,332,12.3,70.9,656,24.3,89,3.3,63.2,423,15.7,1.5,10.9,188,7.0,16.4,282,10.4,6.2,88,3.3,460,17.0,6
Portland,28,15,13,53.6,1946.0,69.5,53.9,109.8,739,1625,45.5,484,657,73.7,175,441,39.7,50.9,55.2,40.4,52.8,22.6,24.6,1.1,2137,76.3,51.3,1012,36.1,32.5,313,11.2,70.0,699,25.0,77,2.8,57.6,426,15.2,1.3,8.8,172,6.1,16.8,327,11.7,7.7,121,4.3,566,20.2,15
Portland State,25,13,12,52.0,1679.0,67.2,52.5,108.9,636,1366,46.6,395,545,72.5,161,431,37.4,52.5,56.3,39.9,52.0,21.6,26.4,1.09,1828,73.1,48.4,763,30.5,28.1,228,9.1,68.6,535,21.4,84,3.4,53.3,339,13.6,1.21,9.4,157,6.3,16.7,281,11.2,3.8,50,2.0,491,19.6,16
PV A&M,26,8,18,30.8,1860.0,68.9,49.3,97.7,632,1522,41.5,371,569,65.2,183,540,33.9,47.5,50.7,37.4,49.4,20.4,30.2,0.98,1818,69.9,47.5,897,34.5,31.1,311,12.0,63.8,586,22.5,106,4.1,44.8,283,10.9,0.73,9.8,182,7.0,21.0,390,15.0,4.2,61,2.3,582,22.4,19
Presbyterian,29,6,23,20.7,1886.0,67.4,48.3,101.2,680,1520,44.7,331,493,67.1,164,464,35.3,50.1,54.4,32.4,54.1,17.3,25.8,1.01,1908,65.8,45.6,875,30.2,23.9,224,7.7,67.3,651,22.4,73,2.5,49.3,335,11.6,0.95,6.8,129,4.4,18.7,352,12.1,4.7,80,2.8,438,15.1,10
Princeton,23,15,8,65.2,1514.0,65.8,49.9,108.7,543,1215,44.7,339,470,72.1,220,613,35.9,53.7,57.2,38.7,39.3,20.6,40.1,1.09,1645,71.5,50.4,741,32.2,25.8,193,8.4,75.0,548,23.8,56,2.4,60.4,328,14.3,1.27,9.7,147,6.4,17.1,259,11.3,6.4,76,3.3,402,17.5,12
Providence,28,18,10,64.3,1881.0,64.9,53.3,108.3,676,1596,42.4,507,642,79.0,178,504,35.3,47.9,53.6,40.2,48.9,24.9,26.2,1.08,2037,72.8,53.5,1024,36.6,36.7,356,12.7,70.2,668,23.9,84,3.0,57.7,390,13.9,1.15,8.6,162,5.8,18.0,339,12.1,8.5,134,4.8,481,17.2,17
Purdue,27,15,12,55.6,1878.0,69.6,55.0,104.6,694,1625,42.7,422,641,65.8,154,454,33.9,47.4,50.9,39.4,55.0,21.5,23.5,1.05,1964,72.7,52.9,1058,39.2,36.3,380,14.1,69.5,678,25.1,87,3.2,50.6,351,13.0,1.07,8.7,164,6.1,17.4,327,12.1,9.5,147,5.4,549,20.3,6
Quinnipiac,27,19,8,70.4,1933.0,71.6,58.5,111.4,710,1680,42.3,589,817,72.1,145,422,34.4,46.6,52.1,48.6,52.5,27.3,20.2,1.11,2154,79.8,58.0,1247,46.2,43.2,467,17.3,72.7,780,28.9,111,4.1,48.2,342,12.7,1.03,5.1,99,3.7,17.2,333,12.3,7.5,127,4.7,533,19.7,8
Radford,29,18,11,62.1,2005.0,69.1,56.1,111.7,794,1675,47.4,482,690,69.9,170,490,34.7,52.5,55.9,41.2,55.7,21.5,22.8,1.12,2240,77.2,51.3,1049,36.2,33.2,334,11.5,69.4,715,24.7,94,3.2,47.5,377,13.0,1.13,10.2,204,7.0,16.7,334,11.5,7.0,116,4.0,554,19.1,7
Rhode Island,28,12,16,42.9,1890.0,67.5,51.6,100.4,655,1497,43.8,453,682,66.4,135,419,32.2,48.3,52.1,45.6,54.8,23.9,21.3,1.0,1898,67.8,51.8,997,35.6,33.3,320,11.4,70.2,677,24.2,100,3.6,50.1,328,11.7,0.84,7.0,133,4.8,20.7,391,14.0,8.5,130,4.6,567,20.3,12
Rice,26,7,19,26.9,1739.0,66.9,44.0,94.4,561,1380,40.7,307,458,67.0,213,654,32.6,48.4,51.4,33.2,42.4,18.7,38.9,0.94,1642,63.2,46.6,844,32.5,22.0,200,7.7,71.2,644,24.8,96,3.7,65.6,368,14.2,1.05,7.1,124,4.8,20.2,351,13.5,3.8,53,2.0,496,19.1,11
Richmond,27,18,9,66.7,1789.0,66.3,50.7,104.3,638,1457,43.8,417,623,66.9,173,527,32.8,49.7,53.2,42.8,49.8,22.3,27.8,1.04,1866,69.1,45.6,875,32.4,25.6,242,9.0,65.6,633,23.4,70,2.6,45.1,288,10.7,1.04,9.1,163,6.0,15.5,278,10.3,7.9,116,4.3,539,20.0,6
Rider,27,13,14,48.1,1877.0,69.5,51.2,106.7,647,1479,43.7,510,700,72.9,199,506,39.3,50.5,55.3,47.3,44.7,25.5,29.8,1.07,2003,74.2,49.6,921,34.1,31.2,292,10.8,67.9,629,23.3,94,3.5,49.9,323,12.0,0.91,8.5,159,5.9,18.9,355,13.1,5.5,82,3.0,554,20.5,12
Robert Morris,29,18,11,62.1,1946.0,67.1,53.2,109.2,736,1646,44.7,434,602,72.1,219,551,39.7,51.4,55.0,36.6,48.7,20.4,30.9,1.09,2125,73.3,49.9,962,33.2,31.6,313,10.8,68.2,649,22.4,75,2.6,50.4,371,12.8,1.14,10.2,199,6.9,16.8,326,11.2,3.1,48,1.7,552,19.0,14
Rutgers,27,10,17,37.0,1880.0,69.6,53.3,105.1,690,1595,43.3,431,614,70.2,165,488,33.8,48.4,52.4,38.5,53.1,21.8,25.1,1.05,1976,73.2,50.2,957,35.4,33.3,334,12.4,67.0,623,23.1,95,3.5,51.3,354,13.1,1.08,8.7,164,6.1,17.4,328,12.1,7.8,120,4.4,562,20.8,19
Sacramento St,25,13,12,52.0,1610.0,64.4,51.8,106.9,604,1312,46.0,363,495,73.3,150,404,37.1,51.8,55.6,37.7,52.8,21.1,26.1,1.07,1721,68.8,49.4,788,31.5,29.3,225,9.0,69.5,563,22.5,51,2.0,55.6,336,13.4,1.16,8.4,136,5.4,18.0,289,11.6,3.1,39,1.6,534,21.4,18
Sacred Heart,29,4,25,13.8,2008.0,69.2,51.2,100.6,703,1721,40.8,424,615,68.9,190,576,33.0,46.4,50.2,35.7,50.8,21.0,28.2,1.01,2020,69.7,49.4,993,34.2,32.3,356,12.3,66.5,637,22.0,104,3.6,52.5,369,12.7,1.06,7.7,155,5.3,17.4,349,12.0,3.9,63,2.2,575,19.8,16
Saint Louis,27,25,2,92.6,1839.0,68.1,51.7,104.5,662,1488,44.5,439,621,70.7,158,476,33.2,49.8,53.9,41.7,52.5,22.9,24.7,1.04,1921,71.1,50.7,989,36.6,29.8,277,10.3,71.6,712,26.4,94,3.5,59.1,391,14.5,1.19,11.3,208,7.7,17.9,329,12.2,7.6,113,4.2,469,17.4,10
Saint Mary's,29,20,9,69.0,1849.0,63.8,56.4,115.0,701,1520,46.1,518,723,71.6,206,533,38.6,52.9,57.0,47.6,46.6,24.4,29.1,1.15,2126,73.3,54.0,1002,34.6,37.8,346,11.9,70.2,656,22.6,59,2.0,52.2,366,12.6,1.09,8.8,163,5.6,18.1,335,11.6,6.5,98,3.4,561,19.3,4
Sam Houston,26,19,7,73.1,1814.0,69.8,55.7,111.4,661,1424,46.4,518,778,66.6,181,465,38.9,52.8,56.3,54.6,47.5,25.6,26.9,1.11,2021,77.7,51.9,930,35.8,36.0,327,12.6,67.8,603,23.2,67,2.6,61.3,405,15.6,1.16,10.1,184,7.1,19.3,350,13.5,6.1,85,3.3,568,21.8,21
Samford,29,11,18,37.9,1977.0,70.6,52.0,103.8,750,1584,47.3,406,601,67.6,147,438,33.6,52.0,54.9,37.9,58.7,19.8,21.5,1.04,2053,70.8,47.2,923,31.8,27.7,263,9.1,66.6,660,22.8,83,2.9,52.8,396,13.7,1.09,8.3,164,5.7,18.4,364,12.6,5.4,88,3.0,598,20.6,14
San Diego,30,16,14,53.3,1903.0,65.6,51.9,105.5,694,1549,44.8,434,627,69.2,185,490,37.8,50.8,54.4,40.5,50.7,21.6,27.6,1.06,2008,66.9,50.0,1005,33.5,30.6,293,9.8,69.4,712,23.7,104,3.5,47.3,328,10.9,0.93,9.0,172,5.7,18.5,352,11.7,7.4,119,4.0,547,18.2,6
San Diego State,26,23,3,88.5,1690.0,65.0,57.2,109.1,634,1461,43.4,444,682,65.1,132,371,35.6,47.9,51.7,46.7,54.4,24.1,21.5,1.09,1844,70.9,53.6,1009,38.8,37.3,351,13.5,69.9,658,25.3,96,3.7,40.7,258,9.9,0.98,11.4,192,7.4,15.5,262,10.1,10.4,147,5.7,420,16.2,8
San Francisco,28,18,10,64.3,1894.0,67.6,56.2,111.9,735,1539,47.8,459,707,64.9,189,518,36.5,53.9,56.5,45.9,51.5,21.7,26.8,1.12,2119,75.7,51.4,982,35.1,33.5,316,11.3,69.2,666,23.8,86,3.1,54.7,402,14.4,1.21,8.3,157,5.6,17.5,331,11.8,4.6,72,2.6,563,20.1,22
San Jose State,26,7,19,26.9,1707.0,65.7,46.0,96.2,532,1403,37.9,350,482,72.6,228,667,34.2,46.0,50.3,34.4,37.0,21.3,41.7,0.96,1642,63.2,49.5,939,36.1,29.4,272,10.5,69.6,667,25.7,92,3.5,54.3,289,11.1,0.84,6.9,118,4.5,20.3,346,13.3,5.0,73,2.8,533,20.5,17
Santa Clara,29,12,17,41.4,1898.0,65.4,51.4,106.8,686,1627,42.2,440,606,72.6,215,597,36.0,48.8,52.9,37.2,46.5,21.7,31.8,1.07,2027,69.9,48.0,929,32.0,28.5,295,10.2,67.4,634,21.9,60,2.1,52.3,359,12.4,1.28,9.0,171,5.9,14.8,280,9.7,8.3,128,4.4,570,19.7,7
Savannah State,27,10,17,37.0,1782.0,66.0,48.6,93.3,585,1397,41.9,362,554,65.3,131,425,30.8,46.6,50.1,39.7,54.6,21.8,23.6,0.93,1663,61.6,48.0,884,32.7,31.8,295,10.9,64.2,589,21.8,114,4.2,48.4,283,10.5,0.68,11.3,202,7.5,23.3,415,15.4,9.7,133,4.9,576,21.3,9
Seattle U,25,12,13,48.0,1712.0,68.5,54.0,104.7,647,1484,43.6,318,489,65.0,180,527,34.2,49.7,52.2,33.0,52.1,17.7,30.1,1.05,1792,71.7,54.4,949,38.0,37.5,336,13.4,71.3,613,24.5,79,3.2,52.7,341,13.6,1.01,8.8,150,6.0,19.6,336,13.4,6.0,81,3.2,538,21.5,20
Seton Hall,27,14,13,51.9,1771.0,68.1,50.1,112.9,622,1367,45.5,469,641,73.2,200,546,36.6,52.8,59.8,46.9,42.2,23.5,30.0,1.13,1999,74.0,49.3,855,31.7,27.1,225,8.3,71.4,630,23.3,64,2.4,55.8,347,12.9,1.07,10.4,184,6.8,18.4,325,12.0,5.5,79,2.9,524,19.4,12
Siena,29,13,16,44.8,2004.0,69.1,53.4,101.3,703,1669,42.1,500,707,70.7,124,384,32.3,45.8,50.6,42.4,57.0,24.6,18.3,1.01,2030,70.0,52.3,1109,38.2,39.1,413,14.2,65.4,696,24.0,115,4.0,55.9,393,13.6,0.94,8.5,171,5.9,20.9,419,14.4,7.8,124,4.3,678,23.4,39
SIU-Edwardsville,28,11,17,39.3,1943.0,69.4,51.3,105.4,727,1544,47.1,389,577,67.4,205,544,37.7,53.7,56.3,37.4,51.0,19.0,30.0,1.05,2048,73.1,48.3,873,31.2,29.1,268,9.6,67.4,605,21.6,79,2.8,55.4,403,14.4,1.02,9.7,189,6.8,20.3,394,14.1,5.8,90,3.2,556,19.9,13
South Alabama,27,9,18,33.3,1832.0,67.9,50.8,101.8,626,1535,40.8,401,585,68.5,212,633,33.5,47.7,51.4,38.1,44.4,21.5,34.1,1.02,1865,69.1,51.9,1023,37.9,32.8,328,12.1,70.9,695,25.7,89,3.3,48.6,304,11.3,0.88,7.0,129,4.8,18.8,344,12.7,6.8,104,3.9,543,20.1,16
South Carolina,27,10,17,37.0,1823.0,67.5,53.0,102.9,625,1479,42.3,475,677,70.2,150,404,37.1,47.3,52.1,45.8,50.7,25.3,24.0,1.03,1875,69.4,52.3,944,35.0,38.6,362,13.4,65.9,582,21.6,102,3.8,53.8,336,12.4,0.88,9.5,174,6.4,21.1,384,14.2,7.8,108,4.0,616,22.8,17
Southern Carolina St,26,9,17,34.6,1769.0,68.0,51.1,95.1,607,1500,40.5,330,505,65.3,138,466,29.6,45.1,48.3,33.7,55.8,19.6,24.6,0.95,1682,64.7,51.1,962,37.0,36.6,361,13.9,65.6,601,23.1,99,3.8,54.9,333,12.8,0.85,8.3,146,5.6,22.3,394,15.2,6.1,90,3.5,493,19.0,6
South Dakota,27,12,15,44.4,1826.0,67.6,50.1,104.8,665,1474,45.1,409,546,74.9,175,493,35.5,51.1,55.2,37.0,51.2,21.4,27.4,1.05,1914,70.9,49.4,902,33.4,27.8,241,8.9,71.0,661,24.5,74,2.7,53.8,358,13.3,1.07,8.0,146,5.4,18.3,335,12.4,6.9,106,3.9,473,17.5,14
South Dakota St,27,16,11,59.3,1814.0,67.2,51.8,108.4,656,1464,44.8,476,630,75.6,178,516,34.5,50.9,55.7,43.0,48.6,24.2,27.2,1.08,1966,72.8,53.7,944,35.0,29.6,263,9.7,77.7,681,25.2,72,2.7,53.4,350,13.0,1.13,7.8,142,5.3,17.1,310,11.5,6.0,87,3.2,480,17.8,15
South Florida,27,12,15,44.4,1817.0,67.3,51.1,97.7,628,1445,43.5,429,640,67.0,84,334,25.1,46.4,50.8,44.3,61.3,24.2,14.2,0.98,1776,65.8,49.6,952,35.3,31.7,295,10.9,67.4,657,24.3,82,3.0,54.1,340,12.6,0.94,8.3,151,5.6,20.0,363,13.4,6.6,103,3.8,480,17.8,7
SE Missouri St,28,15,13,53.6,2026.0,72.4,55.8,113.4,829,1678,49.4,451,646,69.8,189,538,35.1,55.0,57.9,38.5,55.7,19.6,24.7,1.13,2298,82.1,52.1,1039,37.1,32.6,312,11.1,71.6,727,26.0,84,3.0,54.3,450,16.1,1.23,9.8,198,7.1,18.0,365,13.0,7.0,115,4.1,556,19.9,13
SE Louisiana,25,11,14,44.0,1687.0,67.5,49.9,103.8,606,1379,43.9,361,530,68.1,178,495,36.0,50.4,53.7,38.4,48.9,20.6,30.5,1.04,1751,70.0,47.5,820,32.8,26.8,230,9.2,68.2,590,23.6,80,3.2,47.5,288,11.5,0.97,6.9,117,4.7,17.7,298,11.9,7.7,106,4.2,504,20.2,13
S Illinois,29,12,17,41.4,1868.0,64.4,54.5,105.2,698,1510,46.2,441,659,66.9,129,391,33.0,50.5,53.9,43.6,57.9,22.4,19.7,1.05,1966,67.8,51.6,966,33.3,34.4,323,11.1,68.8,643,22.2,95,3.3,43.1,301,10.4,0.83,11.6,216,7.4,19.5,364,12.6,3.9,58,2.0,561,19.3,10
SMU,28,22,6,78.6,1855.0,66.3,55.9,108.9,724,1470,49.3,446,658,67.8,127,347,36.6,53.6,56.7,44.8,59.1,22.1,18.9,1.09,2021,72.2,52.7,1032,36.9,35.6,309,11.0,69.7,723,25.8,82,2.9,58.4,423,15.1,1.12,11.2,207,7.4,20.3,377,13.5,8.5,127,4.5,545,19.5,9
Southern Miss,28,23,5,82.1,1840.0,65.7,56.7,111.2,678,1449,46.8,538,785,68.5,152,434,35.0,52.0,56.2,54.2,51.4,26.3,22.3,1.11,2046,73.1,54.8,994,35.5,39.6,357,12.8,70.0,637,22.8,89,3.2,59.1,401,14.3,1.06,12.8,235,8.4,20.5,378,13.5,4.5,61,2.2,593,21.2,13
Southern,28,17,11,60.7,1931.0,69.0,53.2,104.1,723,1582,45.7,393,632,62.2,171,495,34.5,51.1,53.4,39.9,54.9,19.6,25.5,1.04,2010,71.8,51.5,1070,38.2,32.9,323,11.5,70.1,747,26.7,116,4.1,52.0,376,13.4,0.98,9.3,180,6.4,19.9,384,13.7,9.1,135,4.8,611,21.8,14
Southern Utah,25,1,24,4.0,1621.0,64.8,43.9,89.8,504,1258,40.1,331,476,69.5,116,355,32.7,44.7,49.0,37.8,53.3,22.7,23.9,0.9,1455,58.2,44.6,703,28.1,23.9,200,8.0,65.2,503,20.1,70,2.8,54.4,274,11.0,0.8,7.0,113,4.5,21.2,344,13.8,6.4,81,3.2,586,23.4,19
St. Bonaventure,27,16,11,59.3,1850.0,68.5,56.0,108.8,705,1536,45.9,473,668,70.8,129,402,32.1,50.1,54.3,43.5,57.3,23.5,19.2,1.09,2012,74.5,52.6,978,36.2,37.2,349,12.9,67.9,629,23.3,99,3.7,52.8,372,13.8,1.08,9.9,184,6.8,18.7,346,12.8,8.4,121,4.5,554,20.5,11
St Francis (NY),29,16,13,55.2,1970.0,67.9,51.7,101.3,704,1645,42.8,406,588,69.0,181,563,32.1,48.3,51.8,35.7,52.4,20.4,27.2,1.01,1995,68.8,52.0,1072,37.0,33.5,346,11.9,70.5,726,25.0,100,3.4,51.3,361,12.4,0.94,8.7,172,5.9,19.6,386,13.3,9.5,151,5.2,577,19.9,9
St. Francis U,27,9,18,33.3,1722.0,63.8,48.5,99.0,603,1441,41.8,305,477,63.9,193,593,32.5,48.5,51.1,33.1,48.1,17.9,34.0,0.99,1704,63.1,46.4,809,30.0,25.5,236,8.7,67.3,573,21.2,86,3.2,54.2,327,12.1,1.13,9.1,157,5.8,16.8,289,10.7,5.1,75,2.8,432,16.0,4
St. John's,29,18,11,62.1,1964.0,67.7,53.8,106.3,752,1687,44.6,453,632,71.7,131,392,33.4,48.5,52.5,37.5,59.5,21.7,18.8,1.06,2088,72.0,49.8,1046,36.1,31.2,322,11.1,68.3,724,25.0,99,3.4,49.3,371,12.8,1.2,9.9,194,6.7,15.7,309,10.7,13.6,219,7.6,542,18.7,16
Saint Joseph's,27,20,7,74.1,1782.0,66.0,53.2,108.5,671,1423,47.2,392,612,64.1,199,510,39.0,54.1,56.4,43.0,48.8,20.3,30.9,1.08,1933,71.6,51.2,961,35.6,30.3,265,9.8,72.0,696,25.8,77,2.9,56.0,376,13.9,1.11,7.2,128,4.7,19.0,338,12.5,8.1,126,4.7,413,15.3,8
St. Peter's,28,12,16,42.9,1797.0,64.2,49.6,98.3,596,1472,40.5,424,608,69.7,151,485,31.1,45.6,50.2,41.3,50.4,24.0,25.6,0.98,1767,63.1,49.3,951,34.0,30.7,298,10.6,67.8,653,23.3,88,3.1,46.6,278,9.9,0.84,9.9,178,6.4,18.5,332,11.9,8.3,125,4.5,506,18.1,9
Stanford,26,18,8,69.2,1783.0,68.6,53.7,110.3,674,1440,46.8,461,658,70.1,158,413,38.3,52.3,56.1,45.7,52.5,23.4,24.1,1.1,1967,75.7,50.9,943,36.3,29.3,253,9.7,72.5,690,26.5,93,3.6,49.1,331,12.7,1.16,7.5,134,5.2,16.0,286,11.0,7.9,118,4.5,472,18.2,14
SF Austin,27,25,2,92.6,1791.0,66.3,56.8,113.1,703,1535,45.8,435,617,70.5,184,539,34.1,51.8,55.4,40.2,51.3,21.5,27.3,1.13,2025,75.0,54.5,902,33.4,37.6,343,12.7,71.3,559,20.7,65,2.4,62.0,436,16.1,1.42,11.7,209,7.7,17.2,308,11.4,6.8,84,3.1,572,21.2,6
Stetson,28,7,21,25.0,1790.0,63.9,48.8,96.5,611,1460,41.8,360,530,67.9,145,486,29.8,46.8,50.4,36.3,54.0,20.8,25.2,0.96,1727,61.7,45.6,837,29.9,28.8,270,9.6,62.4,567,20.3,82,2.9,55.5,339,12.1,0.98,9.0,161,5.8,19.4,347,12.4,7.0,107,3.8,470,16.8,6
Stony Brook,28,20,8,71.4,1889.0,67.5,54.2,107.8,720,1571,45.8,442,618,71.5,154,427,36.1,50.7,54.6,39.3,55.6,21.7,22.7,1.08,2036,72.7,54.6,1046,37.4,34.5,324,11.6,74.7,722,25.8,89,3.2,51.0,367,13.1,1.04,8.8,167,6.0,18.7,354,12.6,5.4,79,2.8,530,18.9,13
Syracuse,28,26,2,92.9,1705.0,60.9,58.6,113.0,678,1527,44.4,429,610,70.3,141,407,34.6,49.0,53.0,39.9,55.8,22.3,22.0,1.13,1926,68.8,53.3,982,35.1,38.5,367,13.1,68.0,615,22.0,84,3.0,50.9,345,12.3,1.35,13.6,232,8.3,15.0,255,9.1,10.0,137,4.9,443,15.8,7
TCU,27,9,18,33.3,1796.0,66.5,46.2,96.0,571,1401,40.8,454,627,72.4,129,399,32.3,45.4,50.8,44.8,51.2,26.3,22.4,0.96,1725,63.9,43.6,815,30.2,24.4,223,8.3,62.7,592,21.9,70,2.6,56.0,320,11.9,1.01,8.7,156,5.8,17.7,317,11.7,6.0,93,3.4,476,17.6,14
Temple,26,7,19,26.9,1802.0,69.3,53.4,105.7,687,1612,42.6,358,513,69.8,172,499,34.5,48.0,51.3,31.8,54.1,18.8,27.1,1.06,1904,73.2,49.2,928,35.7,31.9,318,12.2,66.4,610,23.5,103,4.0,50.5,347,13.3,1.28,8.2,148,5.7,15.0,271,10.4,6.0,93,3.6,484,18.6,7
Tennessee,27,16,11,59.3,1715.0,63.5,58.6,113.2,667,1499,44.5,453,642,70.6,154,452,34.1,49.6,53.8,42.8,52.9,23.3,23.8,1.13,1941,71.9,56.1,1046,38.7,40.7,382,14.1,71.5,664,24.6,76,2.8,50.5,337,12.5,1.15,8.0,137,5.1,17.0,292,10.8,9.2,134,5.0,462,17.1,8
Tenn St,28,4,24,14.3,1885.0,67.3,52.1,102.1,661,1547,42.7,467,665,70.2,136,475,28.6,47.1,51.7,43.0,54.5,24.3,21.2,1.02,1925,68.8,50.4,949,33.9,33.1,328,11.7,67.6,621,22.2,75,2.7,43.9,290,10.4,0.82,8.1,152,5.4,18.7,352,12.6,5.2,79,2.8,597,21.3,19
Tenn Tech,29,15,14,51.7,2004.0,71.6,53.8,104.0,727,1628,44.7,467,695,67.2,162,505,32.1,49.6,53.2,42.7,54.2,22.4,23.3,1.04,2085,71.9,53.0,1048,36.1,37.0,381,13.1,69.0,667,23.0,93,3.2,48.0,349,12.0,0.81,11.4,229,7.9,21.5,430,14.8,8.9,134,4.6,627,21.6,14
UT Martin,29,8,21,27.6,2067.0,73.8,50.8,103.9,735,1741,42.2,477,656,72.7,200,588,34.0,48.0,52.3,37.7,49.8,22.2,27.9,1.04,2147,74.0,48.6,912,31.4,29.3,323,11.1,67.9,589,20.3,80,2.8,53.2,391,13.5,1.15,10.9,225,7.8,16.4,340,11.7,4.8,75,2.6,615,21.2,11
Texas,27,20,7,74.1,1925.0,71.3,56.1,106.6,702,1621,43.3,509,761,66.9,140,421,33.3,47.6,51.8,46.9,54.7,24.8,20.5,1.07,2053,76.0,55.2,1130,41.9,38.8,400,14.8,71.5,730,27.0,85,3.1,47.3,332,12.3,0.97,8.6,165,6.1,17.8,342,12.7,10.5,166,6.1,519,19.2,10
Texas A&M,27,16,11,59.3,1772.0,65.6,50.1,99.4,621,1445,43.0,368,576,63.9,152,471,32.3,48.2,51.3,39.9,53.2,20.9,25.9,0.99,1762,65.3,48.4,928,34.4,27.7,259,9.6,69.1,669,24.8,76,2.8,55.9,347,12.9,1.11,9.5,169,6.3,17.6,312,11.6,7.6,110,4.1,482,17.9,10
Texas A&M-CC,28,14,14,50.0,1819.0,65.0,55.2,107.5,691,1468,47.1,455,671,67.8,118,333,35.4,51.1,54.7,45.7,58.6,23.3,18.1,1.07,1955,69.8,51.7,933,33.3,34.8,310,11.1,68.6,623,22.3,90,3.2,50.5,349,12.5,1.01,10.4,190,6.8,18.9,344,12.3,5.3,77,2.8,571,20.4,13
Texas Southern,26,12,14,46.2,1812.0,69.7,53.8,109.1,660,1438,45.9,493,691,71.3,163,467,34.9,51.6,55.9,48.1,50.3,24.9,24.7,1.09,1976,76.0,50.9,942,36.2,34.0,304,11.7,67.7,638,24.5,112,4.3,56.8,375,14.4,1.06,7.2,130,5.0,19.5,353,13.6,5.5,88,3.4,405,15.6,17
Texas State,27,8,19,29.6,1723.0,63.8,50.4,98.4,626,1410,44.4,308,464,66.4,135,416,32.5,49.2,52.0,32.9,57.9,18.2,23.9,0.98,1695,62.8,52.0,868,32.1,31.2,270,10.0,72.7,598,22.1,82,3.0,49.0,307,11.4,0.83,9.5,164,6.1,21.4,368,13.6,5.3,70,2.6,491,18.2,7
Texas Tech,28,13,15,46.4,1805.0,64.5,55.3,108.8,700,1523,46.0,431,581,74.2,132,408,32.4,50.3,54.6,38.1,57.9,22.0,20.2,1.09,1963,70.1,53.1,927,33.1,37.4,326,11.6,68.7,601,21.5,81,2.9,47.1,330,11.8,0.99,9.5,172,6.1,18.4,332,11.9,7.3,107,3.8,525,18.8,5
TX-Arlington,26,12,14,46.2,1878.0,72.2,51.9,106.6,665,1510,44.0,454,646,70.3,217,613,35.4,51.2,55.1,42.8,44.8,22.7,32.5,1.07,2002,77.0,50.8,965,37.1,32.8,311,12.0,68.7,654,25.2,93,3.6,47.2,314,12.1,0.85,7.9,148,5.7,19.7,370,14.2,6.3,96,3.7,519,20.0,11
UTEP,28,20,8,71.4,1843.0,65.8,53.0,106.5,662,1407,47.1,510,742,68.7,129,373,34.6,51.6,55.8,52.7,54.3,26.0,19.7,1.07,1963,70.1,49.6,1009,36.0,31.5,281,10.0,67.7,728,26.0,84,3.0,59.7,395,14.1,1.06,7.7,142,5.1,20.1,371,13.3,6.9,108,3.9,526,18.8,15
TX-Pan American,28,8,20,28.6,1921.0,68.6,50.2,96.6,663,1614,41.1,395,593,66.6,134,489,27.4,45.2,48.9,36.7,57.0,21.3,21.7,0.97,1855,66.3,48.3,944,33.7,30.6,323,11.5,66.0,621,22.2,109,3.9,53.1,352,12.6,1.0,10.2,196,7.0,18.3,351,12.5,4.4,66,2.4,583,20.8,16
UTSA,26,8,18,30.8,1790.0,68.8,50.0,100.9,561,1322,42.4,534,767,69.6,151,460,32.8,48.1,53.6,58.0,45.4,29.6,25.1,1.01,1807,69.5,50.9,891,34.3,34.6,308,11.8,67.2,583,22.4,96,3.7,48.8,274,10.5,0.66,8.8,158,6.1,23.2,415,16.0,3.2,47,1.8,532,20.5,14
Toledo,27,23,4,85.2,1892.0,70.1,58.0,115.6,751,1588,47.3,537,735,73.1,148,418,35.4,52.0,56.4,46.3,55.1,24.6,20.3,1.16,2187,81.0,52.6,990,36.7,36.2,339,12.6,69.0,651,24.1,95,3.5,54.2,407,15.1,1.39,9.5,180,6.7,15.4,292,10.8,4.7,74,2.7,468,17.3,13
Towson,29,20,9,69.0,1904.0,65.7,56.4,111.6,702,1543,45.5,547,798,68.5,173,489,35.4,51.1,55.3,51.7,49.8,25.8,24.4,1.12,2124,73.2,52.7,1147,39.6,37.2,361,12.4,68.2,786,27.1,84,2.9,43.2,303,10.4,0.89,6.1,117,4.0,18.0,342,11.8,8.7,149,5.1,581,20.0,14
Troy,26,9,17,34.6,1739.0,66.9,51.3,102.7,588,1398,42.1,426,634,67.2,184,533,34.5,48.6,52.6,45.4,45.2,23.9,30.9,1.03,1786,68.7,50.2,914,35.2,32.8,304,11.7,67.5,610,23.5,59,2.3,49.1,289,11.1,0.85,8.5,147,5.7,19.6,341,13.1,3.9,59,2.3,415,16.0,9
Tulane,28,15,13,53.6,1734.0,64.2,50.1,105.2,560,1340,41.8,479,684,70.0,161,457,35.2,47.8,54.8,51.0,43.8,26.3,26.5,1.05,1824,65.1,49.2,912,32.6,31.3,281,10.0,67.0,631,22.5,95,3.4,44.5,249,8.9,0.73,7.4,128,4.6,19.6,340,12.1,5.8,86,3.1,515,18.4,9
Tulsa,27,15,12,55.6,1875.0,69.4,52.6,105.7,675,1518,44.5,465,691,67.3,166,488,34.0,49.9,53.7,45.5,51.4,23.5,25.1,1.06,1981,73.4,50.6,983,36.4,30.4,291,10.8,70.7,692,25.6,101,3.7,53.9,364,13.5,1.14,9.9,185,6.9,17.0,319,11.8,7.0,102,3.8,592,21.9,21
UAB,27,17,10,63.0,1916.0,71.0,56.9,105.6,711,1694,42.0,459,685,67.0,143,465,30.8,46.2,50.1,40.4,56.1,22.7,21.2,1.06,2024,75.0,55.5,1226,45.4,40.7,451,16.7,70.2,775,28.7,129,4.8,49.6,353,13.1,1.01,7.5,143,5.3,18.2,349,12.9,6.7,114,4.2,476,17.6,11
UC Davis,27,8,19,29.6,1867.0,69.1,48.2,103.1,663,1495,44.3,381,547,69.7,217,609,35.6,51.6,54.8,36.6,46.4,19.8,33.8,1.03,1924,71.3,45.4,782,29.0,23.9,218,8.1,66.8,564,20.9,61,2.3,49.8,330,12.2,0.99,7.6,142,5.3,17.8,332,12.3,4.3,65,2.4,533,19.7,16
UC Irvine,28,18,10,64.3,1912.0,68.3,53.9,106.2,747,1574,47.5,370,594,62.3,167,464,36.0,52.8,54.7,37.7,57.1,18.2,24.7,1.06,2031,72.5,50.9,1089,38.9,30.4,295,10.5,71.3,794,28.4,91,3.3,61.7,461,16.5,1.28,8.4,161,5.8,18.8,360,12.9,10.8,176,6.3,533,19.0,10
UC Riverside,27,8,19,29.6,1834.0,67.9,50.0,99.4,637,1471,43.3,430,626,68.7,119,393,30.3,47.3,51.5,42.6,56.8,23.6,19.6,0.99,1823,67.5,49.3,913,33.8,29.3,275,10.2,69.4,638,23.6,80,3.0,48.7,310,11.5,0.88,9.3,171,6.3,19.2,352,13.0,8.4,124,4.6,521,19.3,12
UC Santa Barbara,25,18,7,72.0,1619.0,64.8,54.3,112.1,620,1326,46.8,402,555,72.4,173,461,37.5,53.3,57.1,41.9,49.3,22.1,28.6,1.12,1815,72.6,50.5,893,35.7,31.6,251,10.0,69.3,642,25.7,65,2.6,65.0,403,16.1,1.45,8.1,131,5.2,17.2,278,11.1,8.9,123,4.9,468,18.7,7
UCF,25,10,15,40.0,1709.0,68.4,55.6,105.1,647,1478,43.8,333,550,60.5,170,507,33.5,49.5,51.7,37.2,53.1,18.5,28.4,1.05,1797,71.9,53.2,964,38.6,38.4,364,14.6,68.0,600,24.0,110,4.4,49.9,323,12.9,0.95,10.1,172,6.9,19.8,339,13.6,6.6,95,3.8,439,17.6,8
UCLA,27,21,6,77.8,1924.0,74.0,56.7,116.3,803,1621,49.5,453,609,74.4,179,442,40.5,55.1,58.6,37.6,55.8,20.2,24.0,1.16,2238,82.9,51.5,970,35.9,31.3,280,10.4,71.7,690,25.6,67,2.5,59.0,474,17.6,1.65,14.0,269,10.0,15.0,288,10.7,5.5,85,3.1,472,17.5,8
Illinois-Chicago,29,6,23,20.7,1925.0,66.4,50.8,101.1,678,1595,42.5,424,601,70.5,167,499,33.5,47.7,51.8,37.7,52.5,21.8,25.7,1.01,1947,67.1,51.4,992,34.2,30.9,315,10.9,71.8,677,23.3,117,4.0,49.3,334,11.5,0.93,8.1,156,5.4,18.6,359,12.4,3.4,52,1.8,617,21.3,12
UMass Lowell,27,9,18,33.3,1742.0,64.5,45.6,93.8,542,1395,38.9,366,519,70.5,184,565,32.6,45.4,49.8,37.2,43.8,22.4,33.8,0.94,1634,60.5,46.3,847,31.4,28.2,260,9.6,64.4,587,21.7,50,1.9,57.9,314,11.6,0.86,9.1,159,5.9,20.9,364,13.5,4.6,69,2.6,504,18.7,14
UNLV,27,17,10,63.0,1813.0,67.1,55.2,106.2,683,1560,43.8,412,632,65.2,148,470,31.5,48.5,51.8,40.5,55.6,21.4,23.1,1.06,1926,71.3,51.3,1077,39.9,34.2,341,12.6,68.3,736,27.3,93,3.4,51.7,353,13.1,1.2,7.7,139,5.1,16.3,295,10.9,10.8,180,6.7,419,15.5,2
USC,27,10,17,37.0,1938.0,71.8,51.0,99.0,680,1536,44.3,436,660,66.1,123,419,29.4,48.3,51.9,43.0,58.1,22.7,19.2,0.99,1919,71.1,49.8,1022,37.9,31.8,305,11.3,67.8,717,26.6,65,2.4,51.9,353,13.1,0.89,7.7,150,5.6,20.4,395,14.6,7.1,120,4.4,524,19.4,7
USC Upstate,30,17,13,56.7,2027.0,67.6,55.6,108.4,782,1736,45.0,439,651,67.4,195,602,32.4,50.7,53.7,37.5,53.4,20.0,26.6,1.08,2198,73.3,53.2,1149,38.3,36.2,386,12.9,70.2,763,25.4,79,2.6,58.4,457,15.2,1.25,9.8,199,6.6,18.0,365,12.2,6.4,108,3.6,554,18.5,6
Utah,27,18,9,66.7,1847.0,68.4,55.1,114.6,745,1496,49.8,450,609,73.9,177,501,35.3,55.7,59.3,40.7,53.7,21.3,25.1,1.15,2117,78.4,51.4,977,36.2,30.0,251,9.3,72.7,726,26.9,70,2.6,58.3,434,16.1,1.39,10.1,187,6.9,16.9,313,11.6,8.8,135,5.0,445,16.5,7
Utah State,28,15,13,53.6,1769.0,63.2,54.8,111.0,699,1520,46.0,370,502,73.7,195,477,40.9,52.4,55.8,33.0,51.3,18.8,29.8,1.11,1963,70.1,53.6,1009,36.0,33.9,304,10.9,73.2,705,25.2,46,1.6,66.1,462,16.5,1.5,5.3,93,3.3,17.5,309,11.0,6.8,106,3.8,503,18.0,7
Utah Valley,26,16,10,61.5,1673.0,64.3,50.4,105.8,597,1360,43.9,396,525,75.4,180,494,36.4,50.5,55.0,38.6,47.1,22.4,30.5,1.06,1770,68.1,49.6,878,33.8,28.7,238,9.2,70.6,640,24.6,74,2.8,62.0,370,14.2,1.24,7.7,128,4.9,17.8,298,11.5,5.2,74,2.8,445,17.1,5
Valparaiso,30,17,13,56.7,2034.0,67.8,51.9,108.2,732,1555,47.1,524,706,74.2,213,566,37.6,53.9,58.2,45.4,47.2,23.8,29.0,1.08,2201,73.4,52.2,1113,37.1,34.0,310,10.3,70.4,803,26.8,101,3.4,53.8,394,13.1,0.87,8.4,170,5.7,22.3,454,15.1,9.2,158,5.3,625,20.8,22
Vanderbilt,27,15,12,55.6,1755.0,65.0,50.3,101.6,615,1384,44.4,388,596,65.1,165,506,32.6,50.4,53.5,43.1,50.5,21.8,27.8,1.02,1783,66.0,47.5,934,34.6,30.1,262,9.7,64.8,672,24.9,77,2.9,58.2,358,13.3,1.0,7.5,131,4.9,20.4,358,13.3,8.1,127,4.7,464,17.2,9
Vermont,28,19,9,67.9,1807.0,66.9,53.5,109.7,669,1428,46.8,484,660,73.3,160,408,39.2,52.5,56.9,46.2,51.4,24.4,24.2,1.1,1982,70.8,52.9,972,34.7,32.7,276,9.9,73.0,696,24.9,80,2.9,54.4,364,13.0,1.08,10.9,197,7.0,18.7,338,12.1,8.8,127,4.5,514,18.4,13
Villanova,27,24,3,88.9,1878.0,69.6,54.7,114.8,706,1523,46.4,494,682,72.4,250,687,36.4,54.6,58.4,44.8,42.3,22.9,34.8,1.15,2156,79.9,52.0,1005,37.2,33.5,306,11.3,70.5,699,25.9,86,3.2,61.0,431,16.0,1.31,9.6,181,6.7,17.5,328,12.1,7.6,116,4.3,535,19.8,13
Virginia,28,23,5,82.1,1715.0,61.3,55.4,107.6,650,1438,45.2,396,606,65.3,150,416,36.1,50.4,53.5,42.1,54.2,21.5,24.4,1.08,1846,65.9,54.7,1006,35.9,34.9,309,11.0,74.5,697,24.9,73,2.6,56.8,369,13.2,1.26,9.4,161,5.8,17.1,293,10.5,7.9,111,4.0,448,16.0,1
VCU,27,20,7,74.1,1954.0,72.4,53.6,104.9,714,1706,41.9,421,627,67.1,200,578,34.6,47.7,51.1,36.8,50.2,20.5,29.3,1.05,2049,75.9,51.3,1005,37.2,34.5,380,14.1,68.1,625,23.1,67,2.5,49.7,355,13.1,1.06,16.0,313,11.6,17.2,336,12.4,7.8,113,4.2,540,20.0,5
Virginia Military,27,17,10,63.0,2119.0,78.5,56.9,113.9,856,1927,44.4,448,638,70.2,253,763,33.2,51.0,54.1,33.1,50.0,18.6,31.5,1.14,2413,89.4,49.8,1143,42.3,34.7,405,15.0,64.9,738,27.3,112,4.1,43.5,372,13.8,1.28,10.0,212,7.9,13.7,291,10.8,9.8,182,6.7,505,18.7,10
Virginia Tech,27,9,18,33.3,1764.0,65.3,50.0,98.8,596,1447,41.2,363,562,64.6,188,512,36.7,47.7,50.8,38.8,46.8,20.8,32.4,0.99,1743,64.6,51.3,1013,37.5,32.3,302,11.2,70.2,711,26.3,84,3.1,50.7,302,11.2,0.87,5.2,92,3.4,19.8,349,12.9,8.5,134,5.0,470,17.4,10
Wagner,27,16,11,59.3,1907.0,70.6,51.5,101.2,670,1593,42.1,440,602,73.1,149,435,34.3,46.7,51.3,37.8,54.0,22.8,23.2,1.01,1929,71.4,50.9,1037,38.4,33.4,336,12.4,68.4,701,26.0,104,3.9,47.8,320,11.9,0.89,9.0,172,6.4,18.8,359,13.3,10.8,167,6.2,564,20.9,17
Wake Forest,28,15,13,53.6,1912.0,68.3,52.3,102.2,673,1498,44.9,472,743,63.5,136,428,31.8,49.5,52.8,49.6,55.0,24.2,20.9,1.02,1954,69.8,49.0,1005,35.9,30.5,294,10.5,67.5,711,25.4,87,3.1,56.5,380,13.6,1.08,8.1,154,5.5,18.4,351,12.5,7.5,122,4.4,546,19.5,8
Washington,28,15,13,53.6,1943.0,69.4,53.2,107.4,733,1646,44.5,458,602,76.1,163,483,33.7,49.5,54.0,36.6,54.6,21.9,23.4,1.07,2087,74.5,51.7,969,34.6,32.4,313,11.2,71.0,656,23.4,97,3.5,51.0,374,13.4,1.16,7.7,149,5.3,16.6,322,11.5,5.3,84,3.0,543,19.4,13
Washington St,27,9,18,33.3,1709.0,63.3,48.7,98.4,575,1414,40.7,326,503,64.8,205,608,33.7,47.9,50.8,35.6,44.0,19.4,36.6,0.98,1681,62.3,50.5,885,32.8,29.0,269,10.0,72.0,616,22.8,91,3.4,49.4,284,10.5,0.89,8.2,140,5.2,18.7,319,11.8,5.7,78,2.9,493,18.3,5
Weber State,24,15,9,62.5,1570.0,65.4,52.1,111.5,568,1185,47.9,445,608,73.2,169,434,38.9,55.1,59.4,51.3,45.6,25.4,29.0,1.11,1750,72.9,50.2,832,34.7,28.5,202,8.4,71.8,630,26.3,45,1.9,54.8,311,13.0,1.06,6.2,97,4.0,18.7,294,12.3,7.2,99,4.1,435,18.1,4
West Virginia,27,15,12,55.6,1874.0,69.4,55.2,113.7,719,1613,44.6,472,648,72.8,221,568,38.9,51.4,55.5,40.2,46.7,22.1,31.1,1.14,2131,78.9,49.6,955,35.4,32.1,314,11.6,67.1,641,23.7,71,2.6,49.7,357,13.2,1.38,9.1,171,6.3,13.8,259,9.6,5.4,84,3.1,556,20.6,23
Western Carolina,29,17,12,58.6,1948.0,69.6,53.2,109.8,707,1677,42.2,435,612,71.1,212,592,35.8,48.5,54.4,36.5,46.3,20.3,29.7,1.1,2139,73.8,51.3,1007,34.7,35.1,371,12.8,67.5,636,21.9,110,3.8,49.1,347,12.0,0.99,11.4,222,7.7,17.9,349,12.0,9.2,136,4.7,616,21.2,14
Western Illinois,27,9,18,33.3,1703.0,63.1,48.8,97.3,606,1326,45.7,315,479,65.8,130,381,34.1,50.6,53.3,36.1,57.5,19.0,23.5,0.97,1657,61.4,49.6,831,30.8,26.8,218,8.1,72.4,613,22.7,59,2.2,56.1,340,12.6,0.94,9.7,166,6.1,21.3,363,13.4,5.9,78,2.9,491,18.2,19
Western Kentucky,27,18,9,66.7,1821.0,67.4,51.9,102.7,620,1504,41.2,424,637,66.6,204,602,33.9,48.0,51.8,42.4,44.5,22.7,32.7,1.03,1870,69.3,54.2,1002,37.1,35.8,355,13.1,72.6,647,24.0,94,3.5,50.0,310,11.5,0.83,7.5,136,5.0,20.5,374,13.9,5.0,71,2.6,504,18.7,12
Western Michigan,26,18,8,69.2,1755.0,67.5,50.5,105.2,599,1310,45.7,496,689,72.0,152,470,32.3,51.5,56.4,52.6,48.4,26.9,24.7,1.05,1846,71.0,50.6,912,35.1,31.3,252,9.7,69.8,660,25.4,79,3.0,47.6,285,11.0,0.76,8.9,156,6.0,21.3,374,14.4,5.7,84,3.2,478,18.4,5
Wichita State,30,30,0,100.0,1962.0,65.4,56.5,115.6,744,1635,45.5,579,781,74.1,201,592,34.0,51.7,56.5,47.8,47.9,25.5,26.6,1.16,2268,75.6,54.9,1157,38.6,35.6,357,11.9,74.2,800,26.7,112,3.7,54.7,407,13.6,1.3,10.8,212,7.1,16.0,313,10.4,9.7,155,5.2,514,17.1,3
William & Mary,27,17,10,63.0,1758.0,65.1,52.0,112.3,667,1411,47.3,401,576,69.6,239,602,39.7,55.7,58.6,40.8,43.4,20.3,36.3,1.12,1974,73.1,47.7,838,31.0,25.0,214,7.9,70.3,624,23.1,65,2.4,57.3,382,14.1,1.35,8.9,157,5.8,16.1,283,10.5,5.3,81,3.0,437,16.2,5
Winthrop,27,15,12,55.6,1865.0,69.1,50.7,105.8,665,1511,44.0,425,603,70.5,218,567,38.4,51.2,54.9,39.9,45.3,21.5,33.1,1.06,1973,73.1,49.2,889,32.9,29.6,279,10.3,68.7,610,22.6,96,3.6,47.4,315,11.7,0.9,8.9,166,6.1,18.8,351,13.0,5.3,77,2.9,550,20.4,13
Wisconsin,28,23,5,82.1,1782.0,63.6,54.1,115.3,678,1482,45.7,483,642,75.2,215,582,36.9,53.0,57.5,43.3,45.1,23.5,31.4,1.15,2054,73.4,50.3,929,33.2,28.3,247,8.8,72.2,682,24.4,61,2.2,48.7,330,11.8,1.45,7.9,141,5.0,12.7,227,8.1,6.0,96,3.4,412,14.7,2
Wofford,27,16,11,59.3,1743.0,64.6,53.7,105.3,673,1495,45.0,330,489,67.5,160,435,36.8,50.4,53.1,32.7,55.9,18.0,26.1,1.05,1836,68.0,52.4,911,33.7,32.4,297,11.0,72.4,614,22.7,71,2.6,52.3,352,13.0,1.13,10.4,181,6.7,17.8,311,11.5,3.4,45,1.7,486,18.0,7
Wright State,30,17,13,56.7,1990.0,66.3,47.4,101.5,681,1515,45.0,480,644,74.5,178,508,35.0,50.8,55.5,42.5,49.8,23.8,26.4,1.02,2020,67.3,47.6,881,29.4,24.9,228,7.6,70.2,653,21.8,60,2.0,58.1,396,13.2,0.99,11.2,223,7.4,20.2,402,13.4,6.0,88,2.9,593,19.8,22
Wyoming,28,17,11,60.7,1719.0,61.4,47.9,105.9,613,1270,48.3,434,603,72.0,160,434,36.9,54.6,58.5,47.5,49.8,23.8,26.4,1.06,1820,65.0,44.5,818,29.2,19.0,142,5.1,69.9,676,24.1,67,2.4,58.6,359,12.8,1.17,7.7,132,4.7,17.8,306,10.9,7.3,110,3.9,469,16.8,12
Xavier,28,19,9,67.9,1857.0,66.3,55.5,109.3,720,1513,47.6,445,653,68.1,145,393,36.9,52.4,55.7,43.2,56.7,21.9,21.4,1.09,2030,72.5,53.2,1034,36.9,35.0,317,11.3,71.4,717,25.6,87,3.1,60.0,432,15.4,1.21,8.6,159,5.7,19.2,357,12.8,5.7,88,3.1,555,19.8,10
Yale,24,14,10,58.3,1567.0,65.3,52.4,104.0,526,1229,42.8,448,655,68.4,130,387,33.6,48.1,52.9,53.3,48.6,27.5,23.9,1.04,1630,67.9,53.5,835,34.8,35.1,283,11.8,71.9,552,23.0,75,3.1,53.8,283,11.8,0.9,9.4,148,6.2,20.0,314,13.1,8.3,102,4.3,473,19.7,7
Youngstown St,30,15,15,50.0,2089.0,69.6,52.0,109.5,777,1701,45.7,501,679,73.8,233,670,34.8,52.5,56.5,39.9,47.6,21.9,30.6,1.1,2288,76.3,49.1,988,32.9,28.2,284,9.5,70.0,704,23.5,96,3.2,60.1,467,15.6,1.38,9.9,207,6.9,16.2,338,11.3,4.9,82,2.7,560,18.7,18
