abilene-christian,30,11,19,36.7,2058.0,68.6,49.5,104.9,717,1612,44.5,489,655,74.7,235,580,40.5,51.8,56.1,40.6,44.7,22.7,32.7,1.05,2158,71.9,50.2,978,32.6,30.3,295,9.8,70.1,683,22.8,103,3.4,54.1,388,12.9,0.9,10.3,213,7.1,21.0,433,14.4,4.4,70,2.3,626,20.9,21
air-force,28,11,17,39.3,1852.0,66.1,48.0,100.3,637,1464,43.5,376,539,69.8,207,618,33.5,50.6,54.0,36.8,46.3,20.2,33.4,1.0,1857,66.3,48.6,895,32.0,26.7,246,8.8,70.4,649,23.2,82,2.9,61.9,394,14.1,1.05,8.5,158,5.6,20.3,376,13.4,6.0,89,3.2,519,18.5,13
akron,31,20,11,64.5,2059.0,66.4,52.5,101.9,726,1696,42.8,427,683,62.5,219,637,34.4,49.3,51.9,40.3,48.3,20.4,31.3,1.02,2098,67.7,51.6,1090,35.2,35.1,382,12.3,68.1,708,22.8,92,3.0,47.9,348,11.2,0.84,10.0,206,6.6,20.1,414,13.4,7.8,132,4.3,552,17.8,10
alabama,30,12,18,40.0,1960.0,65.3,51.5,103.6,694,1566,44.3,472,684,69.0,171,511,33.5,49.8,53.7,43.7,51.5,23.2,25.3,1.04,2031,67.7,47.6,978,32.6,30.2,297,9.9,65.0,681,22.7,102,3.4,48.0,333,11.1,0.93,10.3,202,6.7,18.3,359,12.0,8.3,135,4.5,578,19.3,15
alabama-am,27,12,15,44.4,1821.0,67.4,47.1,95.6,586,1435,40.8,398,609,65.4,168,513,32.7,46.7,50.5,42.4,48.0,22.9,29.0,0.96,1740,64.4,46.4,896,33.2,26.9,257,9.5,65.9,639,23.7,99,3.7,57.8,339,12.6,0.96,9.0,164,6.1,19.4,354,13.1,7.7,109,4.0,591,21.9,16
alabama-state,28,17,11,60.7,1944.0,69.4,54.3,104.2,709,1667,42.5,446,665,67.1,160,550,29.1,47.3,51.1,39.9,54.2,22.0,23.7,1.04,2025,72.3,50.7,1021,36.5,35.6,385,13.8,65.8,636,22.7,116,4.1,52.2,370,13.2,1.06,9.5,184,6.6,17.9,348,12.4,6.6,104,3.7,511,18.3,14
albany,29,15,14,51.7,1851.0,63.8,51.1,102.2,643,1477,43.5,469,629,74.6,136,384,35.4,48.1,53.2,42.6,53.6,24.8,21.6,1.02,1891,65.2,51.5,993,34.2,32.4,301,10.4,70.6,692,23.9,112,3.9,50.2,323,11.1,0.87,8.4,156,5.4,20.1,372,12.8,5.7,90,3.1,506,17.4,17
alcorn-state,29,11,18,37.9,1929.0,66.5,49.0,96.9,652,1548,42.1,436,666,65.5,130,419,31.0,46.3,50.2,43.0,55.8,23.3,20.9,0.97,1870,64.5,47.3,895,30.9,28.4,273,9.4,66.1,622,21.4,52,1.8,40.3,263,9.1,0.78,9.0,173,6.0,17.5,338,11.7,7.0,111,3.8,543,18.7,18
american-university,30,18,12,60.0,1843.0,61.4,50.1,104.9,698,1411,49.5,346,490,70.6,192,507,37.9,56.3,58.8,34.7,52.3,17.9,29.8,1.05,1934,64.5,48.8,903,30.1,27.5,220,7.3,70.0,683,22.8,78,2.6,65.6,458,15.3,1.09,10.0,184,6.1,22.9,422,14.1,7.2,105,3.5,535,17.8,8
appalachian-state,30,9,21,30.0,2038.0,67.9,53.1,99.8,719,1730,41.6,445,697,63.8,151,500,30.2,45.9,49.3,40.3,55.9,21.9,22.3,1.0,2034,67.8,51.9,1091,36.4,34.0,392,13.1,69.8,699,23.3,131,4.4,45.5,327,10.9,0.9,9.2,187,6.2,17.8,362,12.1,5.0,83,2.8,597,19.9,10
arizona,30,28,2,93.3,1968.0,65.6,58.9,112.9,792,1691,46.8,482,729,66.1,156,437,35.7,51.4,54.5,43.1,57.2,21.7,21.1,1.13,2222,74.1,55.9,1170,39.0,38.0,389,13.0,73.7,781,26.0,97,3.2,57.6,456,15.2,1.45,8.8,174,5.8,16.0,314,10.5,8.1,130,4.3,495,16.5,9
arizona-state,30,21,9,70.0,2113.0,70.4,50.2,107.3,764,1685,45.3,495,717,69.0,244,625,39.0,52.6,56.0,42.6,45.9,21.8,32.3,1.07,2267,75.6,47.3,1084,36.1,24.4,255,8.5,70.2,829,27.6,68,2.3,56.0,428,14.3,1.25,7.5,158,5.3,16.2,343,11.4,9.8,176,5.9,579,19.3,11
arkansas,30,21,9,70.0,2211.0,73.7,53.9,110.4,833,1860,44.8,546,756,72.2,229,618,37.1,50.9,55.0,40.6,49.5,22.4,28.1,1.1,2441,81.4,47.6,1090,36.3,32.1,359,12.0,63.0,731,24.4,77,2.6,56.7,472,15.7,1.35,11.9,264,8.8,15.8,350,11.7,9.5,168,5.6,621,20.7,7
arkansas-state,29,18,11,62.1,2029.0,70.0,49.9,108.2,720,1606,44.8,500,680,73.5,255,668,38.2,52.8,56.9,42.3,42.4,22.8,34.9,1.08,2195,75.7,48.1,992,34.2,26.2,259,8.9,70.0,733,25.3,131,4.5,53.6,386,13.3,1.09,9.7,197,6.8,17.5,355,12.2,4.5,76,2.6,505,17.4,10
arkansas-little-rock,29,14,15,48.3,2037.0,70.2,50.0,99.9,695,1636,42.5,504,689,73.1,141,442,31.9,46.8,51.8,42.1,54.4,24.8,20.8,1.0,2035,70.2,50.8,1046,36.1,30.9,320,11.0,70.6,726,25.0,114,3.9,47.2,328,11.3,0.83,8.5,173,6.0,19.3,393,13.6,7.1,113,3.9,617,21.3,17
arkansas-pine-bluff,29,12,17,41.4,1961.0,67.6,46.5,93.0,614,1495,41.1,418,635,65.8,178,519,34.3,47.0,50.8,42.5,47.8,22.9,29.3,0.93,1824,62.9,47.9,878,30.3,29.0,288,9.9,66.7,590,20.3,124,4.3,52.8,324,11.2,0.73,13.8,271,9.3,22.7,445,15.3,4.9,70,2.4,570,19.7,13
army,30,15,15,50.0,2062.0,68.7,52.1,105.4,776,1745,44.5,391,560,69.8,231,674,34.3,51.1,54.1,32.1,50.1,18.0,31.9,1.05,2174,72.5,49.2,1007,33.6,31.4,333,11.1,66.9,674,22.5,99,3.3,54.0,419,14.0,1.09,8.9,184,6.1,18.6,384,12.8,7.7,131,4.4,553,18.4,7
auburn,28,13,15,46.4,1913.0,68.3,52.3,105.5,684,1562,43.8,491,686,71.6,160,520,30.8,48.9,53.5,43.9,51.9,24.3,23.8,1.06,2019,72.1,49.5,963,34.4,31.5,309,11.0,67.4,654,23.4,82,2.9,47.8,327,11.7,0.97,9.3,178,6.4,17.7,338,12.1,8.0,121,4.3,605,21.6,21
austin-peay,30,12,18,40.0,2182.0,72.7,52.0,104.8,797,1632,48.8,535,804,66.5,158,459,34.4,53.7,56.8,49.3,55.9,23.4,20.7,1.05,2287,76.2,48.1,998,33.3,30.2,297,9.9,65.9,701,23.4,76,2.5,55.7,444,14.8,0.94,9.4,206,6.9,21.6,471,15.7,8.4,153,5.1,516,17.2,8
ball-state,28,5,23,17.9,1921.0,68.6,49.1,96.1,609,1505,40.5,439,637,68.9,190,593,32.0,46.8,51.1,42.3,45.4,23.8,30.9,0.96,1847,66.0,53.2,1043,37.3,35.7,362,12.9,70.6,681,24.3,101,3.6,58.6,357,12.8,0.76,6.7,128,4.6,24.5,471,16.8,4.3,67,2.4,572,20.4,18
baylor,30,20,10,66.7,1965.0,65.5,58.5,114.6,767,1694,45.3,488,736,66.3,229,590,38.8,52.0,55.1,43.4,47.8,21.7,30.5,1.15,2251,75.0,55.3,1180,39.3,42.0,438,14.6,68.5,742,24.7,108,3.6,59.8,459,15.3,1.26,8.0,157,5.2,18.6,365,12.2,9.7,167,5.6,523,17.4,7
belmont,32,24,8,75.0,2232.0,69.8,53.3,115.3,882,1741,50.7,524,719,72.9,285,714,39.9,58.8,61.8,41.3,46.4,20.4,33.2,1.15,2573,80.4,47.1,985,30.8,27.8,267,8.3,66.4,718,22.4,81,2.5,57.1,504,15.8,1.22,9.8,218,6.8,18.5,414,12.9,4.2,75,2.3,664,20.8,17
bethune-cookman,31,7,24,22.6,1979.0,63.8,49.7,99.2,662,1655,40.0,431,602,71.6,209,584,35.8,46.3,50.6,36.4,46.1,21.9,31.9,0.99,1964,63.4,48.1,974,31.4,33.1,358,11.5,63.1,616,19.9,120,3.9,45.6,302,9.7,0.76,9.8,193,6.2,20.2,399,12.9,5.0,77,2.5,661,21.3,25
binghamton,29,7,22,24.1,1931.0,66.6,45.9,93.1,577,1505,38.3,468,673,69.5,176,549,32.1,44.2,49.3,44.7,44.6,26.0,29.4,0.93,1798,62.0,48.2,939,32.4,29.2,302,10.4,67.1,637,22.0,127,4.4,47.3,273,9.4,0.66,9.3,180,6.2,21.3,412,14.2,3.8,59,2.0,580,20.0,15
boise-state,30,19,11,63.3,2011.0,67.0,55.5,114.6,800,1737,46.1,471,625,75.4,234,614,38.1,52.8,56.7,36.0,49.1,20.4,30.5,1.15,2305,76.8,54.8,1034,34.5,33.8,332,11.1,75.8,702,23.4,77,2.6,44.8,358,11.9,1.19,8.8,177,5.9,15.0,301,10.0,3.4,55,1.8,575,19.2,8
boston-college,30,8,22,26.7,1912.0,63.7,50.1,107.7,671,1498,44.8,480,650,73.8,237,668,35.5,52.7,57.0,43.4,42.2,23.3,34.5,1.08,2059,68.6,46.8,894,29.8,27.5,250,8.3,66.1,644,21.5,90,3.0,56.2,377,12.6,1.1,6.6,126,4.2,17.9,342,11.4,5.1,85,2.8,559,18.6,10
boston-university,32,23,9,71.9,2154.0,67.3,51.4,106.9,818,1809,45.2,404,562,71.9,263,716,36.7,52.5,55.5,31.1,48.2,17.5,34.3,1.07,2303,72.0,49.5,1085,33.9,28.5,309,9.7,70.5,776,24.3,123,3.8,54.2,443,13.8,1.15,10.4,223,7.0,17.9,385,12.0,3.4,61,1.9,540,16.9,4
bowling-green,30,12,18,40.0,2020.0,67.3,49.2,93.6,696,1636,42.5,386,606,63.7,113,388,29.1,46.0,49.1,37.0,61.7,20.4,17.9,0.94,1891,63.0,49.6,1059,35.3,30.4,321,10.7,68.7,738,24.6,100,3.3,51.9,361,12.0,0.84,11.6,234,7.8,21.3,431,14.4,10.4,168,5.6,528,17.6,11
bradley,32,12,20,37.5,2042.0,65.9,51.2,99.7,721,1720,41.9,440,628,70.1,154,479,32.2,46.4,50.4,36.5,55.7,21.6,22.7,1.0,2036,63.6,50.6,1064,33.3,32.3,356,11.1,68.9,708,22.1,94,2.9,42.4,306,9.6,0.8,11.1,226,7.1,18.8,383,12.0,5.2,84,2.6,635,19.8,16
brigham-young,31,21,10,67.7,2331.0,75.2,57.5,113.0,915,1939,47.2,639,935,68.3,166,445,37.3,51.5,55.3,48.2,56.9,24.3,18.9,1.13,2635,85.0,53.2,1271,41.0,34.3,401,12.9,72.0,870,28.1,114,3.7,55.3,506,16.3,1.45,9.7,225,7.3,15.0,349,11.3,5.0,97,3.1,599,19.3,14
brown,27,15,12,55.6,1882.0,69.7,51.1,101.3,679,1568,43.3,371,561,66.1,178,475,37.5,49.0,52.0,35.8,52.5,19.5,28.0,1.01,1907,70.6,51.5,1072,39.7,30.4,303,11.2,72.5,769,28.5,99,3.7,52.7,358,13.3,1.01,8.2,154,5.7,18.8,354,13.1,8.0,125,4.6,536,19.9,15
bryant,32,18,14,56.3,2190.0,68.4,52.5,107.4,840,1788,47.0,470,669,70.3,201,602,33.4,52.6,55.8,37.4,54.4,20.0,25.6,1.07,2351,73.5,47.5,1095,34.2,28.8,308,9.6,66.2,787,24.6,130,4.1,50.0,420,13.1,1.06,9.5,207,6.5,18.1,397,12.4,4.9,93,2.9,568,17.8,9
bucknell,30,16,14,53.3,1910.0,63.7,50.6,103.5,698,1627,42.9,385,516,74.6,196,502,39.0,48.9,52.8,31.7,50.8,19.5,29.7,1.04,1977,65.9,52.3,1067,35.6,29.0,287,9.6,75.6,780,26.0,110,3.7,51.1,357,11.9,1.11,7.2,138,4.6,16.8,321,10.7,3.0,49,1.6,500,16.7,8
buffalo,27,18,9,66.7,1838.0,68.1,54.3,107.7,678,1511,44.9,458,643,71.2,166,509,32.6,50.4,54.5,42.6,51.7,23.1,25.2,1.08,1980,73.3,51.9,999,37.0,35.4,332,12.3,68.3,667,24.7,93,3.4,59.3,402,14.9,1.15,10.0,184,6.8,19.0,349,12.9,8.4,128,4.7,503,18.6,11
butler,29,13,16,44.8,1918.0,66.1,53.1,104.5,710,1660,42.8,414,619,66.9,170,531,32.0,47.9,51.3,37.3,53.9,20.7,25.4,1.04,2004,69.1,51.4,1007,34.7,31.2,326,11.2,71.5,681,23.5,84,2.9,45.4,322,11.1,1.11,9.0,173,6.0,15.1,290,10.0,4.9,78,2.7,498,17.2,9
cal-poly,28,10,18,35.7,1719.0,61.4,52.5,103.4,628,1531,41.0,340,496,68.5,181,546,33.2,46.9,50.3,32.4,50.3,19.1,30.6,1.03,1777,63.5,50.2,908,32.4,32.0,313,11.2,68.4,595,21.3,85,3.0,52.5,330,11.8,1.26,9.9,171,6.1,15.2,262,9.4,5.6,79,2.8,522,18.6,4
cal-state-bakersfield,30,12,18,40.0,2003.0,66.8,52.3,104.0,724,1648,43.9,426,624,68.3,210,531,39.5,50.3,53.6,37.9,49.3,20.4,30.2,1.04,2084,69.5,51.7,1042,34.7,34.4,355,11.8,69.0,687,22.9,97,3.2,51.4,372,12.4,0.89,9.9,198,6.6,20.8,417,13.9,7.0,107,3.6,670,22.3,16
cal-state-fullerton,29,11,18,37.9,1944.0,67.0,50.5,100.8,686,1601,42.8,412,628,65.6,175,525,33.3,48.3,51.6,39.2,52.2,21.0,26.8,1.01,1959,67.6,49.9,979,33.8,28.8,299,10.3,71.1,680,23.4,105,3.6,46.5,319,11.0,0.91,6.9,134,4.6,18.0,349,12.0,3.3,52,1.8,560,19.3,11
cal-state-northridge,32,15,17,46.9,2271.0,71.0,53.0,108.4,813,1784,45.6,696,886,78.6,139,370,37.6,49.5,55.8,49.7,54.8,28.3,16.9,1.08,2461,76.9,50.9,1131,35.3,33.1,350,10.9,68.6,781,24.4,79,2.5,53.8,437,13.7,1.06,10.3,233,7.3,18.1,412,12.9,4.8,90,2.8,658,20.6,16
california,30,18,12,60.0,2031.0,67.7,54.2,108.0,792,1737,45.6,441,648,68.1,169,484,34.9,50.5,53.6,37.3,56.8,20.1,23.1,1.08,2194,73.1,50.8,1086,36.2,30.7,318,10.6,70.8,768,25.6,86,2.9,57.3,454,15.1,1.46,7.9,160,5.3,15.3,311,10.4,7.7,134,4.5,526,17.5,11
campbell,32,12,20,37.5,2072.0,64.8,51.3,104.4,771,1747,44.1,344,508,67.7,278,795,35.0,52.1,54.4,29.1,45.6,15.9,38.5,1.04,2164,67.6,48.2,1049,32.8,31.9,345,10.8,64.5,704,22.0,90,2.8,58.9,454,14.2,1.06,9.3,193,6.0,20.6,427,13.3,7.7,140,4.4,572,17.9,6
canisius,31,20,11,64.5,2160.0,69.7,54.0,111.9,827,1809,45.7,521,704,74.0,243,630,38.6,52.4,56.4,38.9,48.3,21.5,30.1,1.12,2418,78.0,47.4,1034,33.4,32.0,344,11.1,62.8,690,22.3,108,3.5,47.0,389,12.5,1.08,9.9,213,6.9,16.7,360,11.6,6.5,119,3.8,563,18.2,16
central-arkansas,28,8,20,28.6,2101.0,75.0,51.1,100.1,764,1712,44.6,389,648,60.0,187,510,36.7,50.1,52.1,37.9,54.8,18.5,26.7,1.0,2104,75.1,46.4,961,34.3,29.1,317,11.3,63.6,644,23.0,86,3.1,47.1,360,12.9,0.89,11.4,240,8.6,19.3,405,14.5,8.1,134,4.8,614,21.9,13
central-connecticut-state,30,11,19,36.7,2140.0,71.3,49.5,98.9,781,1794,43.5,386,538,71.7,169,504,33.5,48.2,51.6,30.0,57.8,18.2,23.9,0.99,2117,70.6,46.3,1036,34.5,28.9,316,10.5,63.7,720,24.0,117,3.9,50.1,391,13.0,0.93,9.7,207,6.9,19.6,420,14.0,7.9,146,4.9,557,18.6,15
central-michigan,30,10,20,33.3,2011.0,67.0,52.5,108.7,745,1714,43.5,457,645,70.9,239,745,32.1,50.4,54.1,37.6,46.3,20.9,32.8,1.09,2186,72.9,49.4,939,31.3,30.2,321,10.7,68.6,618,20.6,106,3.5,47.9,357,11.9,1.13,11.2,226,7.5,15.8,317,10.6,2.3,36,1.2,548,18.3,8
charleston-southern,31,13,18,41.9,2170.0,70.0,55.4,116.3,859,1876,45.8,503,689,73.0,302,789,38.3,53.8,57.3,36.7,44.2,19.9,35.9,1.16,2523,81.4,52.1,1160,37.4,32.6,366,11.8,71.5,794,25.6,105,3.4,49.4,424,13.7,1.27,9.3,202,6.5,15.4,334,10.8,5.0,88,2.8,565,18.2,9
north-carolina-charlotte,29,16,13,55.2,2031.0,70.0,52.6,101.9,739,1658,44.6,422,644,65.5,170,483,35.2,49.7,52.7,38.8,55.0,20.4,24.6,1.02,2070,71.4,52.3,1109,38.2,34.4,359,12.4,70.2,750,25.9,87,3.0,54.1,400,13.8,0.93,8.9,181,6.2,21.1,428,14.8,4.4,75,2.6,525,18.1,18
chattanooga,31,18,13,58.1,2211.0,71.3,54.0,107.1,790,1805,43.8,586,829,70.7,202,600,33.7,49.4,53.8,45.9,49.7,24.7,25.6,1.07,2368,76.4,51.7,1159,37.4,35.5,410,13.2,67.8,749,24.2,106,3.4,46.2,365,11.8,0.88,10.2,226,7.3,18.8,416,13.4,8.7,158,5.1,598,19.3,10
chicago-state,30,12,18,40.0,2132.0,71.1,49.0,98.6,744,1770,42.0,406,603,67.3,209,613,34.1,47.9,51.1,34.1,50.9,19.3,29.8,0.99,2103,70.1,44.8,934,31.1,26.4,301,10.0,63.2,633,21.1,97,3.2,44.4,330,11.0,0.91,12.1,257,8.6,17.1,364,12.1,4.6,75,2.5,685,22.8,24
cincinnati,30,25,5,83.3,1915.0,63.8,56.0,108.7,715,1675,42.7,478,666,71.8,173,525,33.0,47.9,52.3,39.8,52.1,23.0,24.9,1.09,2081,69.4,53.8,1094,36.5,39.7,409,13.6,67.9,685,22.8,101,3.4,53.1,380,12.7,1.14,12.6,242,8.1,17.3,332,11.1,10.8,167,5.6,529,17.6,9
citadel,32,7,25,21.9,2155.0,67.3,48.5,100.2,747,1734,43.1,461,639,72.1,205,569,36.0,49.0,53.0,36.9,50.2,21.3,28.5,1.0,2160,67.5,46.6,1065,33.3,26.7,288,9.0,66.5,777,24.3,96,3.0,58.5,437,13.7,1.09,6.3,136,4.3,18.6,401,12.5,4.9,93,2.9,614,19.2,15
clemson,29,19,10,65.5,1763.0,60.8,52.8,103.1,632,1523,41.5,406,554,73.3,148,491,30.1,46.4,50.9,36.4,53.2,22.3,24.4,1.03,1818,62.7,51.7,1048,36.1,35.1,342,11.8,68.3,706,24.3,80,2.8,46.8,296,10.2,0.93,7.8,138,4.8,18.2,320,11.0,11.0,171,5.9,457,15.8,9
cleveland-state,31,21,10,67.7,2041.0,65.8,54.0,112.0,795,1681,47.3,467,626,74.6,228,557,40.9,54.1,57.8,37.2,49.6,20.4,29.9,1.12,2285,73.7,50.5,1054,34.0,33.2,324,10.5,67.7,730,23.5,86,2.8,56.0,445,14.4,1.14,9.2,187,6.0,19.2,391,12.6,6.4,106,3.4,610,19.7,20
coastal-carolina,31,19,12,61.3,2167.0,69.9,53.1,104.2,788,1815,43.4,485,697,69.6,196,586,33.4,48.8,52.6,38.4,52.5,21.5,26.1,1.04,2257,72.8,53.0,1224,39.5,35.9,411,13.3,70.1,813,26.2,120,3.9,42.0,331,10.7,0.75,9.4,204,6.6,20.4,442,14.3,4.6,82,2.6,613,19.8,17
colgate,31,13,18,41.9,1979.0,63.8,50.8,109.0,785,1622,48.4,328,459,71.5,260,657,39.6,56.4,58.6,28.3,48.7,15.2,36.1,1.09,2158,69.6,47.9,954,30.8,23.9,220,7.1,71.8,734,23.7,86,2.8,56.1,440,14.2,1.24,7.2,143,4.6,17.9,355,11.5,4.2,70,2.3,530,17.1,5
college-of-charleston,31,14,17,45.2,1958.0,63.2,51.7,99.9,686,1657,41.4,382,583,65.5,203,590,34.4,47.5,50.6,35.2,49.4,19.5,31.1,1.0,1957,63.1,53.8,1176,37.9,35.2,379,12.2,72.3,797,25.7,118,3.8,45.6,313,10.1,0.78,7.4,145,4.7,20.5,402,13.0,8.0,131,4.2,575,18.5,24
colorado,30,21,9,70.0,2063.0,68.8,52.7,105.8,713,1614,44.2,598,825,72.5,159,498,31.9,49.1,54.4,51.1,50.8,27.4,21.9,1.06,2183,72.8,54.5,1130,37.7,34.6,350,11.7,74.3,780,26.0,52,1.7,50.6,361,12.0,0.9,9.4,193,6.4,19.5,402,13.4,6.3,107,3.6,509,17.0,7
colorado-state,30,16,14,53.3,1970.0,65.7,56.3,111.8,723,1679,43.1,598,826,72.4,159,483,32.9,47.8,53.2,49.2,51.2,27.1,21.7,1.12,2203,73.4,54.0,1127,37.6,34.8,378,12.6,73.2,749,25.0,102,3.4,53.4,386,12.9,1.4,7.7,152,5.1,14.0,275,9.2,5.7,93,3.1,546,18.2,27
columbia,30,19,11,63.3,1901.0,63.4,49.4,108.0,653,1462,44.7,507,657,77.2,240,627,38.3,52.9,57.9,44.9,40.2,24.7,35.1,1.08,2053,68.4,51.3,992,33.1,28.5,253,8.4,74.0,739,24.6,92,3.1,54.7,357,11.9,0.96,8.0,153,5.1,19.6,373,12.4,5.8,89,3.0,561,18.7,8
connecticut,30,24,6,80.0,1994.0,66.5,52.7,110.5,745,1653,45.1,496,647,76.7,218,554,39.4,51.7,56.2,39.1,47.8,22.5,29.7,1.11,2204,73.5,49.0,1058,35.3,30.9,302,10.1,67.1,756,25.2,122,4.1,51.1,381,12.7,1.15,11.1,221,7.4,16.6,332,11.1,10.8,184,6.1,540,18.0,10
coppin-state,29,10,19,34.5,1983.0,68.4,49.1,101.3,653,1677,38.9,490,662,74.0,213,662,32.2,45.3,50.4,39.5,43.8,24.4,31.8,1.01,2009,69.3,47.2,970,33.4,30.5,338,11.7,63.8,632,21.8,101,3.5,51.5,336,11.6,0.99,8.7,173,6.0,17.1,340,11.7,3.7,61,2.1,492,17.0,8
cornell,27,2,25,7.4,1778.0,65.9,49.0,97.3,631,1532,41.2,285,428,66.6,183,579,31.6,47.2,49.8,27.9,51.8,16.5,31.7,0.97,1730,64.1,48.3,853,31.6,28.4,280,10.4,68.1,573,21.2,83,3.1,45.8,289,10.7,0.88,6.2,110,4.1,18.4,327,12.1,5.0,73,2.7,563,20.9,14
creighton,29,23,6,79.3,1916.0,66.1,54.8,120.5,794,1616,49.1,422,559,75.5,299,715,41.8,58.4,61.4,34.6,42.9,18.3,38.8,1.21,2309,79.6,50.5,1010,34.8,28.1,251,8.7,72.8,759,26.2,85,2.9,65.2,518,17.9,1.79,6.5,124,4.3,15.1,290,10.0,2.6,43,1.5,513,17.7,6
dartmouth,27,11,16,40.7,1746.0,64.7,52.8,105.2,652,1469,44.4,365,536,68.1,167,439,38.0,50.1,53.3,36.5,52.8,19.9,27.3,1.05,1836,68.0,53.2,903,33.4,32.5,295,10.9,73.8,608,22.5,54,2.0,52.3,341,12.6,1.05,9.0,158,5.9,18.6,325,12.0,6.4,84,3.1,536,19.9,5
davidson,30,19,11,63.3,2070.0,69.0,53.8,113.0,815,1701,47.9,461,652,70.7,249,651,38.2,55.2,58.2,38.3,48.4,19.7,31.9,1.13,2340,78.0,50.6,993,33.1,28.9,289,9.6,72.3,704,23.5,84,2.8,50.4,411,13.7,1.17,7.8,161,5.4,17.0,351,11.7,3.2,52,1.7,603,20.1,19
dayton,30,21,9,70.0,1993.0,66.4,55.9,110.8,771,1663,46.4,472,687,68.7,194,520,37.3,52.2,55.5,41.3,52.3,21.4,26.4,1.11,2208,73.6,53.5,1059,35.3,36.1,364,12.1,70.8,695,23.2,103,3.4,51.1,394,13.1,1.07,8.8,176,5.9,18.5,369,12.3,5.3,83,2.8,606,20.2,6
delaware,31,22,9,71.0,2208.0,71.2,54.3,111.2,831,1884,44.1,567,810,70.0,226,659,34.3,50.1,54.1,43.0,49.3,23.1,27.6,1.11,2455,79.2,48.8,1149,37.1,29.9,356,11.5,67.7,793,25.6,114,3.7,39.7,330,10.6,1.1,8.4,185,6.0,13.6,301,9.7,6.0,112,3.6,591,19.1,15
delaware-state,29,9,20,31.0,1789.0,61.7,50.2,99.8,629,1482,42.4,377,549,68.7,151,475,31.8,47.5,51.2,37.0,53.5,21.1,25.4,1.0,1786,61.6,47.8,907,31.3,30.2,285,9.8,65.4,622,21.4,97,3.3,57.2,360,12.4,1.06,8.3,148,5.1,19.0,340,11.7,6.6,99,3.4,519,17.9,4
denver,29,15,14,51.7,1757.0,60.6,50.3,109.6,667,1441,46.3,349,484,72.1,242,619,39.1,54.7,57.6,33.6,44.2,18.1,37.7,1.1,1925,66.4,45.7,758,26.1,24.1,204,7.0,67.2,554,19.1,61,2.1,66.6,444,15.3,1.54,11.9,209,7.2,16.4,289,10.0,7.5,101,3.5,586,20.2,19
depaul,31,11,20,35.5,2139.0,69.0,51.8,101.4,742,1747,42.5,500,734,68.1,184,539,34.1,47.7,51.7,42.0,51.5,23.1,25.5,1.01,2168,69.9,51.2,1061,34.2,33.8,383,12.4,68.5,678,21.9,117,3.8,46.6,346,11.2,0.81,9.8,210,6.8,19.9,426,13.7,8.2,137,4.4,679,21.9,16
detroit,32,13,19,40.6,2218.0,69.3,51.8,102.6,778,1863,41.8,528,724,72.9,191,595,32.1,46.9,51.5,38.9,51.6,23.2,25.2,1.03,2275,71.1,51.9,1174,36.7,34.1,399,12.5,69.6,775,24.2,94,2.9,47.6,370,11.6,0.91,10.6,235,7.3,18.4,408,12.8,8.5,146,4.6,681,21.3,12
drake,31,15,16,48.4,2004.0,64.6,50.1,105.6,720,1592,45.2,437,612,71.4,239,603,39.6,52.7,56.2,38.4,45.5,20.7,33.9,1.06,2116,68.3,50.3,1009,32.5,27.2,263,8.5,73.3,746,24.1,80,2.6,54.9,395,12.7,1.07,8.5,171,5.5,18.5,370,11.9,4.1,67,2.2,571,18.4,8
drexel,29,16,13,55.2,1896.0,63.2,52.7,104.6,688,1642,41.9,460,648,71.0,147,475,30.9,46.4,50.9,39.5,54.6,23.2,22.2,1.05,1983,68.4,49.8,1040,35.9,29.2,307,10.6,70.4,733,25.3,104,3.6,49.6,341,11.8,1.38,6.8,128,4.4,13.0,247,8.5,6.9,108,3.7,605,20.9,24
duke,30,23,7,76.7,1990.0,66.3,57.1,119.6,804,1734,46.4,497,687,72.3,275,697,39.5,54.3,57.8,39.6,44.5,20.9,34.7,1.2,2380,79.3,51.3,1043,34.8,34.1,353,11.8,68.5,690,23.0,86,2.9,55.6,447,14.9,1.54,10.7,212,7.1,14.6,291,9.7,6.1,98,3.3,579,19.3,11
duquesne,28,12,16,42.9,1915.0,68.4,52.7,107.3,695,1580,44.0,464,689,67.3,201,555,36.2,50.3,53.9,43.6,48.1,22.6,29.3,1.07,2055,73.4,50.3,984,35.1,29.8,302,10.8,70.8,682,24.4,88,3.1,60.6,421,15.0,1.35,8.7,166,5.9,16.3,313,11.2,5.0,80,2.9,501,17.9,11
east-carolina,31,16,15,51.6,2066.0,66.6,52.4,109.9,742,1680,44.2,528,739,71.4,259,710,36.5,51.9,55.9,44.0,42.5,23.2,34.2,1.1,2271,73.3,48.4,1066,34.4,31.0,326,10.5,65.8,740,23.9,97,3.1,57.7,428,13.8,1.2,9.6,198,6.4,17.3,357,11.5,5.5,100,3.2,535,17.3,16
east-tennessee-state,33,18,15,54.5,2371.0,71.8,50.4,106.8,823,1913,43.0,625,836,74.8,262,719,36.4,49.9,54.8,43.7,44.3,24.7,31.0,1.07,2533,76.8,47.9,1147,34.8,28.2,339,10.3,67.6,808,24.5,98,3.0,49.2,405,12.3,1.03,10.7,253,7.7,16.6,394,11.9,5.1,98,3.0,661,20.0,28
eastern-illinois,30,11,19,36.7,1992.0,66.4,51.0,101.9,703,1598,44.0,472,660,71.5,152,476,31.9,48.7,53.1,41.3,54.3,23.3,22.5,1.02,2030,67.7,50.0,971,32.4,31.6,315,10.5,68.3,656,21.9,97,3.2,51.1,359,12.0,0.9,8.6,171,5.7,20.0,399,13.3,9.1,144,4.8,576,19.2,9
eastern-kentucky,32,23,9,71.9,2173.0,67.9,52.0,116.4,836,1708,48.9,565,753,75.0,292,754,38.7,57.5,61.2,44.1,43.0,22.3,34.6,1.16,2529,79.0,45.3,839,26.2,23.8,230,7.2,66.8,609,19.0,83,2.6,55.9,467,14.6,1.37,13.0,283,8.8,15.7,342,10.7,4.1,63,2.0,665,20.8,18
eastern-michigan,30,18,12,60.0,2009.0,67.0,51.7,99.8,678,1641,41.3,509,756,67.3,138,465,29.7,45.5,50.1,46.1,53.9,25.4,20.6,1.0,2005,66.8,48.0,1093,36.4,32.8,360,12.0,63.1,733,24.4,119,4.0,47.1,319,10.6,0.87,13.0,261,8.7,18.3,368,12.3,11.2,183,6.1,578,19.3,17
eastern-washington,30,15,15,50.0,2093.0,69.8,52.8,109.1,790,1732,45.6,456,666,68.5,248,662,37.5,52.8,55.8,38.5,47.5,20.0,32.6,1.09,2284,76.1,50.7,1104,36.8,30.4,319,10.6,71.0,785,26.2,82,2.7,51.9,410,13.7,1.12,6.7,140,4.7,17.5,367,12.2,7.3,128,4.3,582,19.4,14
elon,31,18,13,58.1,2124.0,68.5,51.8,109.6,814,1736,46.9,449,617,72.8,251,664,37.8,54.1,57.4,35.5,48.4,19.3,32.3,1.1,2328,75.1,48.5,1052,33.9,27.5,278,9.0,69.5,774,25.0,89,2.9,52.9,431,13.9,1.16,7.3,155,5.0,17.6,373,12.0,5.1,90,2.9,558,18.0,12
evansville,33,14,19,42.4,2219.0,67.2,50.2,103.2,775,1672,46.4,596,830,71.8,144,398,36.2,50.7,55.4,49.6,55.1,26.0,18.9,1.03,2290,69.4,47.3,1057,32.0,26.8,276,8.4,67.7,781,23.7,114,3.5,62.6,485,14.7,1.15,7.5,166,5.0,19.1,423,12.8,6.7,124,3.8,623,18.9,12
fairfield,32,7,25,21.9,2150.0,67.2,47.4,94.4,697,1753,39.8,416,607,68.5,220,660,33.3,46.0,49.7,34.6,47.0,20.5,32.5,0.94,2030,63.4,50.7,1134,35.4,30.5,356,11.1,70.9,778,24.3,102,3.2,51.6,360,11.3,0.77,6.6,141,4.4,21.8,469,14.7,7.1,117,3.7,734,22.9,27
fairleigh-dickinson,31,10,21,32.3,2094.0,67.5,50.2,103.0,742,1766,42.0,447,621,72.0,226,636,35.5,48.4,52.3,35.2,47.8,20.7,31.4,1.03,2157,69.6,45.7,980,31.6,30.0,328,10.6,61.4,652,21.0,93,3.0,45.7,339,10.9,0.93,10.0,209,6.7,17.4,364,11.7,7.1,122,3.9,660,21.3,21
florida,30,28,2,93.3,1899.0,65.5,56.8,112.3,732,1596,45.9,468,695,67.3,200,567,35.3,52.1,55.3,43.5,49.9,22.0,28.1,1.12,2132,71.1,53.7,1084,36.1,37.2,367,12.2,70.1,717,23.9,91,3.0,54.5,399,13.3,1.17,11.2,212,7.1,17.9,340,11.3,5.6,87,2.9,477,15.9,7
florida-am,30,13,17,43.3,2181.0,72.7,52.1,98.5,764,1899,40.2,422,643,65.6,198,595,33.3,45.4,48.7,33.9,52.7,19.6,27.6,0.99,2149,71.6,50.4,1187,39.6,36.4,455,15.2,64.4,732,24.4,130,4.3,45.2,345,11.5,0.78,10.0,218,7.3,20.2,440,14.7,7.4,126,4.2,716,23.9,21
florida-atlantic,31,10,21,32.3,2033.0,67.8,52.7,101.4,728,1715,42.4,402,624,64.4,203,611,33.2,48.4,51.2,36.4,50.9,19.5,29.5,1.01,2061,66.5,51.0,1144,36.9,34.7,387,12.5,67.2,757,24.4,128,4.1,51.4,374,12.1,0.93,7.3,149,4.8,19.8,402,13.0,8.5,146,4.7,585,18.9,14
florida-gulf-coast,33,22,11,66.7,2274.0,68.9,52.4,105.1,869,1847,47.0,461,681,67.7,192,573,33.5,52.2,55.1,36.9,56.6,19.3,24.1,1.05,2391,72.5,51.0,1214,36.8,29.6,324,9.8,72.4,890,27.0,87,2.6,49.3,428,13.0,1.0,8.5,193,5.8,18.9,429,13.0,6.4,120,3.6,591,17.9,9
florida-international,31,15,16,48.4,2099.0,67.7,52.5,101.4,754,1681,44.9,468,698,67.0,152,481,31.6,49.4,52.9,41.5,56.6,22.0,21.4,1.01,2128,68.6,50.5,1117,36.0,33.7,357,11.5,67.2,760,24.5,102,3.3,44.6,336,10.8,0.77,10.5,221,7.1,20.8,436,14.1,7.3,130,4.2,560,18.1,16
florida-state,29,18,11,62.1,1932.0,66.6,53.5,107.5,714,1525,46.8,495,684,72.4,154,411,37.5,51.9,56.1,44.9,53.9,23.8,22.2,1.08,2077,71.6,49.5,1023,35.3,34.8,317,10.9,64.1,706,24.3,89,3.1,45.4,324,11.2,0.81,9.0,174,6.0,20.8,402,13.9,9.8,164,5.7,531,18.3,17
fordham,28,9,19,32.1,1957.0,69.9,52.3,102.9,693,1747,39.7,424,581,73.0,203,645,31.5,45.5,49.8,33.3,48.7,21.1,30.3,1.03,2013,71.9,49.2,1024,36.6,34.7,393,14.0,63.6,631,22.5,81,2.9,49.5,343,12.3,1.04,10.1,198,7.1,16.8,329,11.8,7.0,114,4.1,556,19.9,18
fresno-state,30,15,15,50.0,2031.0,67.7,52.0,108.9,750,1710,43.9,479,655,73.1,233,646,36.1,50.7,54.7,38.3,46.7,21.7,31.6,1.09,2212,73.7,47.9,1033,34.4,27.4,291,9.7,68.4,742,24.7,92,3.1,49.9,374,12.5,1.28,9.6,194,6.5,14.4,293,9.8,7.5,128,4.3,583,19.4,22
furman,30,9,21,30.0,1972.0,65.7,48.8,99.1,680,1540,44.2,431,633,68.1,164,492,33.3,49.5,53.1,41.1,52.8,22.0,25.2,0.99,1955,65.2,47.1,940,31.3,27.9,270,9.0,66.3,670,22.3,97,3.2,42.4,288,9.6,0.71,7.5,147,4.9,20.6,407,13.6,4.9,85,2.8,509,17.0,6
gardner-webb,33,18,15,54.5,2287.0,67.3,54.3,106.0,848,1895,44.7,554,807,68.6,175,516,33.9,49.4,53.2,42.6,55.5,22.8,21.6,1.06,2425,73.5,51.7,1182,35.8,33.7,401,12.2,69.6,781,23.7,116,3.5,58.7,498,15.1,1.23,11.0,252,7.6,17.7,405,12.3,5.6,104,3.2,607,18.4,13
george-mason,29,11,18,37.9,1994.0,68.8,51.1,101.2,708,1597,44.3,462,650,71.1,140,401,34.9,48.7,52.9,40.7,56.3,22.9,20.8,1.01,2018,69.6,51.6,1005,34.7,32.0,316,10.9,71.2,689,23.8,114,3.9,44.5,315,10.9,0.78,7.8,156,5.4,20.4,406,14.0,6.4,100,3.4,607,20.9,18
george-washington,29,22,7,75.9,1986.0,68.5,55.3,107.7,741,1601,46.3,492,749,65.7,165,456,36.2,51.4,54.7,46.8,53.9,23.0,23.1,1.08,2139,73.8,52.7,1101,38.0,35.8,353,12.2,69.6,748,25.8,77,2.7,55.3,410,14.1,1.08,10.3,205,7.1,19.1,379,13.1,7.6,126,4.3,527,18.2,9
georgetown,29,17,12,58.6,1904.0,65.7,53.4,108.3,709,1538,46.1,491,681,72.1,153,471,32.5,51.1,55.4,44.3,53.9,23.8,22.3,1.08,2062,71.1,49.7,975,33.6,31.8,294,10.1,67.6,681,23.5,72,2.5,54.6,387,13.3,1.14,9.0,172,5.9,17.8,339,11.7,8.7,131,4.5,636,21.9,24
georgia,29,17,12,58.6,1907.0,65.8,53.9,105.2,664,1508,44.0,538,800,67.3,141,407,34.6,48.7,53.2,53.1,52.1,26.8,21.1,1.05,2007,69.2,52.9,1089,37.6,35.4,349,12.0,70.3,740,25.5,107,3.7,45.8,304,10.5,0.82,7.4,141,4.9,19.5,371,12.8,8.9,142,4.9,548,18.9,8
georgia-southern,32,14,18,43.8,2187.0,68.3,52.1,104.6,798,1821,43.8,456,692,65.9,235,685,34.3,50.3,53.2,38.0,49.2,19.9,30.8,1.05,2287,71.5,50.5,1134,35.4,30.6,354,11.1,70.4,780,24.4,108,3.4,39.7,317,9.9,0.81,10.5,230,7.2,17.8,389,12.2,3.0,55,1.7,558,17.4,13
georgia-state,30,23,7,76.7,2010.0,67.0,54.0,116.9,802,1693,47.4,518,669,77.4,227,589,38.5,54.1,58.4,39.5,49.0,22.1,29.0,1.17,2349,78.3,45.8,942,31.4,25.9,249,8.3,65.6,693,23.1,72,2.4,50.9,408,13.6,1.61,11.8,237,7.9,12.6,253,8.4,8.7,146,4.9,523,17.4,13
georgia-tech,30,14,16,46.7,1970.0,65.7,51.9,101.5,725,1676,43.3,394,576,68.4,156,495,31.5,47.9,51.3,34.4,56.9,19.7,23.4,1.02,2000,66.7,52.0,1083,36.1,32.4,336,11.2,71.5,747,24.9,75,2.5,54.8,397,13.2,1.08,7.8,154,5.1,18.7,369,12.3,7.8,130,4.3,527,17.6,11
gonzaga,31,25,6,80.6,2067.0,68.9,56.2,115.8,853,1716,49.7,460,650,70.8,227,571,39.8,56.3,59.1,37.9,52.3,19.2,28.5,1.16,2393,77.2,50.9,1119,36.1,31.3,305,9.8,70.5,814,26.3,89,2.9,54.3,463,14.9,1.34,10.1,209,6.7,16.7,345,11.1,7.3,126,4.1,560,18.1,11
grambling-state,26,4,22,15.4,1790.0,68.8,47.7,95.1,581,1404,41.4,375,565,66.4,165,509,32.4,47.3,50.9,40.2,48.9,22.0,29.1,0.95,1702,65.5,47.3,790,30.4,30.1,274,10.5,64.4,516,19.8,86,3.3,47.3,275,10.6,0.71,9.0,161,6.2,21.7,388,14.9,3.7,54,2.1,499,19.2,14
grand-canyon,28,14,14,50.0,1899.0,67.8,49.7,106.2,628,1447,43.4,571,770,74.2,190,540,35.2,50.0,55.6,53.2,43.4,28.3,28.3,1.06,2017,72.0,49.9,991,35.4,28.6,266,9.5,71.3,725,25.9,93,3.3,56.2,353,12.6,1.0,6.0,113,4.0,18.5,352,12.6,4.8,77,2.8,567,20.3,17
wisconsin-green-bay,29,24,5,82.8,1972.0,68.0,55.7,110.2,768,1608,47.8,493,704,70.0,144,397,36.3,52.2,55.9,43.8,57.4,22.7,19.9,1.1,2173,74.9,51.4,1072,37.0,34.5,329,11.3,68.2,743,25.6,96,3.3,58.6,450,15.5,1.25,10.8,212,7.3,18.3,360,12.4,12.9,215,7.4,484,16.7,7
hampton,29,18,11,62.1,2122.0,73.2,51.1,99.9,701,1660,42.2,560,856,65.4,158,492,32.1,47.0,51.3,51.6,51.2,26.4,22.4,1.0,2120,73.1,49.4,1108,38.2,33.4,369,12.7,65.3,739,25.5,104,3.6,50.1,351,12.1,0.81,10.6,224,7.7,20.4,433,14.9,10.9,179,6.2,675,23.3,26
hartford,31,16,15,51.6,1987.0,64.1,46.6,102.1,683,1487,45.9,417,590,70.7,246,655,37.6,54.2,57.4,39.7,43.1,20.6,36.4,1.02,2029,65.5,46.1,853,27.5,23.9,215,6.9,68.2,638,20.6,70,2.3,55.6,380,12.3,0.86,8.8,174,5.6,22.1,440,14.2,3.9,61,2.0,603,19.5,14
harvard,29,25,4,86.2,1890.0,65.2,54.7,111.7,711,1521,46.7,523,724,72.2,166,426,39.0,52.2,56.6,47.6,51.6,24.8,23.6,1.12,2111,72.8,51.9,984,33.9,33.0,304,10.5,70.7,680,23.4,89,3.1,57.9,412,14.2,1.23,12.2,231,8.0,17.7,335,11.6,9.7,144,5.0,514,17.7,11
hawaii,29,19,10,65.5,2029.0,70.0,57.5,114.0,811,1715,47.3,525,727,72.2,167,495,33.7,52.2,56.2,42.4,55.7,22.7,21.7,1.14,2314,79.8,53.7,1050,36.2,37.9,373,12.9,69.4,677,23.3,93,3.2,50.9,413,14.2,1.2,8.7,177,6.1,16.9,343,11.8,6.3,103,3.6,566,19.5,11
high-point,30,16,14,53.3,1972.0,65.7,53.2,107.6,777,1644,47.3,393,535,73.5,175,459,38.1,52.6,55.9,32.5,56.7,18.5,24.7,1.08,2122,70.7,48.9,954,31.8,30.5,289,9.6,67.2,665,22.2,97,3.2,56.2,437,14.6,1.21,9.2,181,6.0,18.3,361,12.0,6.4,107,3.6,507,16.9,10
hofstra,32,10,22,31.3,2095.0,65.5,53.1,104.2,724,1728,41.9,513,783,65.5,223,664,33.6,48.4,52.0,45.3,45.9,23.5,30.6,1.04,2184,68.3,52.1,1156,36.1,35.2,402,12.6,69.0,754,23.6,95,3.0,47.5,344,10.8,0.88,7.5,158,4.9,18.7,391,12.2,5.9,105,3.3,620,19.4,29
holy-cross,31,19,12,61.3,2004.0,64.6,50.8,104.6,703,1630,43.1,496,680,72.9,195,556,35.1,49.1,53.7,41.7,48.5,23.7,27.9,1.05,2097,67.6,51.5,1025,33.1,30.7,309,10.0,72.3,716,23.1,101,3.3,49.8,350,11.3,0.96,9.4,189,6.1,18.2,364,11.7,7.2,119,3.8,536,17.3,7
houston,31,16,15,51.6,2087.0,67.3,52.9,106.0,783,1709,45.8,450,669,67.3,196,539,36.4,51.6,54.6,39.1,53.1,20.3,26.6,1.06,2212,71.4,48.4,1064,34.3,31.0,327,10.5,65.8,737,23.8,104,3.4,58.4,457,14.7,1.17,8.2,171,5.5,18.7,391,12.6,9.4,172,5.5,564,18.2,6
houston-baptist,30,6,24,20.0,2121.0,70.7,48.9,95.0,709,1670,42.5,448,658,68.1,148,435,34.0,46.9,50.8,39.4,55.7,22.2,22.0,0.95,2014,67.1,48.8,1072,35.7,30.8,337,11.2,66.8,735,24.5,93,3.1,52.3,371,12.4,0.79,7.3,154,5.1,22.1,468,15.6,3.6,65,2.2,632,21.1,15
howard,31,7,24,22.6,2109.0,68.0,46.3,91.1,616,1596,38.6,521,766,68.0,168,491,34.2,43.9,49.0,48.0,46.6,27.1,26.2,0.91,1921,62.0,48.3,1035,33.4,32.9,362,11.7,63.7,673,21.7,130,4.2,41.1,253,8.2,0.49,9.2,195,6.3,24.5,516,16.6,7.5,121,3.9,683,22.0,24
idaho,30,13,17,43.3,2035.0,67.8,53.4,106.7,745,1669,44.6,495,731,67.7,187,537,34.8,50.2,53.9,43.8,51.4,22.8,25.8,1.07,2172,72.4,50.3,1037,34.6,32.5,332,11.1,68.0,705,23.5,106,3.5,45.9,342,11.4,0.98,6.2,126,4.2,17.1,349,11.6,3.2,55,1.8,631,21.0,20
idaho-state,28,11,17,39.3,1821.0,65.0,54.6,108.7,668,1487,44.9,484,674,71.8,160,436,36.7,50.3,54.8,45.3,51.3,24.4,24.2,1.09,1980,70.7,52.4,970,34.6,35.5,331,11.8,69.3,639,22.8,100,3.6,48.5,324,11.6,0.94,11.3,206,7.4,18.9,344,12.3,5.0,75,2.7,505,18.0,16
illinois,30,17,13,56.7,1907.0,63.6,51.0,101.7,684,1682,40.7,391,540,72.4,181,573,31.6,46.0,50.0,32.1,51.9,20.2,28.0,1.02,1940,64.7,50.8,1022,34.1,31.7,333,11.1,69.8,689,23.0,78,2.6,44.2,302,10.1,0.96,9.6,183,6.1,16.5,314,10.5,7.1,112,3.7,516,17.2,6
illinois-state,31,16,15,51.6,2129.0,68.7,47.7,100.3,705,1719,41.0,495,699,70.8,230,722,31.9,47.7,52.0,40.7,44.5,23.2,32.3,1.0,2135,68.9,48.0,1064,34.3,27.0,300,9.7,68.9,764,24.6,115,3.7,53.8,379,12.2,0.98,11.5,244,7.9,18.1,386,12.5,8.5,143,4.6,641,20.7,20
incarnate-word,26,20,6,76.9,1928.0,74.2,54.7,111.9,747,1526,49.0,464,677,68.5,199,510,39.0,55.5,58.4,44.4,50.8,21.5,27.7,1.12,2157,83.0,51.4,1036,39.8,31.9,287,11.0,70.8,749,28.8,85,3.3,55.3,413,15.9,1.13,8.9,172,6.6,18.9,364,14.0,6.5,106,4.1,466,17.9,7
indiana,30,17,13,56.7,2079.0,69.3,53.1,104.8,733,1642,44.6,549,757,72.5,163,475,34.3,49.6,54.4,46.1,52.3,25.2,22.5,1.05,2178,72.6,54.9,1181,39.4,37.5,379,12.6,72.3,802,26.7,96,3.2,45.8,336,11.2,0.75,8.9,184,6.1,21.7,451,15.0,7.6,131,4.4,546,18.2,6
indiana-state,31,22,9,71.0,2058.0,66.4,51.3,107.6,746,1637,45.6,521,722,72.2,201,576,34.9,51.7,55.9,44.1,49.2,23.5,27.2,1.08,2214,71.4,50.7,1031,33.3,27.6,275,8.9,73.7,756,24.4,91,2.9,55.2,412,13.3,1.16,8.9,183,5.9,17.2,354,11.4,6.9,113,3.6,578,18.6,5
iona,29,20,9,69.0,2086.0,71.9,53.5,116.7,831,1719,48.3,468,661,70.8,302,758,39.8,57.1,59.9,38.5,43.4,19.2,37.2,1.17,2435,84.0,45.5,968,33.4,26.0,256,8.8,65.0,712,24.6,97,3.3,61.1,508,17.5,1.63,9.4,196,6.8,15.0,312,10.8,5.9,110,3.8,516,17.8,11
iowa,30,20,10,66.7,2154.0,71.8,58.4,116.0,851,1809,47.0,622,851,73.1,175,488,35.9,51.9,56.5,47.0,54.1,24.9,21.0,1.16,2499,83.3,54.6,1235,41.2,38.0,409,13.6,71.1,826,27.5,80,2.7,57.5,489,16.3,1.41,10.1,218,7.3,16.1,347,11.6,8.4,151,5.0,546,18.2,11
iowa-state,29,22,7,75.9,2124.0,73.2,54.3,112.6,846,1809,46.8,459,666,68.9,240,705,34.0,53.4,56.2,36.8,50.7,19.2,30.1,1.13,2391,82.4,49.5,1132,39.0,28.1,300,10.3,70.9,832,28.7,82,2.8,63.7,539,18.6,1.78,8.3,176,6.1,14.2,302,10.4,4.6,85,2.9,501,17.3,12
iupu-fort-wayne,31,22,9,71.0,2090.0,67.4,55.4,113.7,823,1677,49.1,481,723,66.5,249,631,39.5,56.5,58.8,43.1,48.3,20.2,31.4,1.14,2377,76.7,52.4,1047,33.8,33.4,323,10.4,71.3,724,23.4,92,3.0,54.4,448,14.5,1.14,10.0,208,6.7,18.8,392,12.6,4.6,81,2.6,524,16.9,9
iupui,31,6,25,19.4,2079.0,67.1,49.1,100.0,761,1733,43.9,420,563,74.6,137,436,31.4,47.9,52.0,32.5,60.0,20.2,19.8,1.0,2079,67.1,47.3,972,31.4,24.6,256,8.3,69.9,716,23.1,72,2.3,42.8,326,10.5,0.96,7.4,154,5.0,16.3,338,10.9,5.3,95,3.1,500,16.1,7
jackson-state,29,11,18,37.9,1981.0,68.3,49.7,96.1,659,1591,41.4,477,657,72.6,108,378,28.6,44.8,50.0,41.3,57.9,25.1,17.0,0.96,1903,65.6,51.9,1027,35.4,33.9,349,12.0,69.8,678,23.4,79,2.7,41.3,272,9.4,0.62,8.9,177,6.1,22.1,437,15.1,6.1,89,3.1,667,23.0,26
jacksonville,30,12,18,40.0,2121.0,70.7,52.3,105.2,756,1729,43.7,531,749,70.9,188,553,34.0,49.2,53.5,43.3,50.9,23.8,25.3,1.05,2231,74.4,48.8,1027,34.2,32.8,362,12.1,64.8,665,22.2,61,2.0,52.0,393,13.1,0.96,10.4,220,7.3,19.3,409,13.6,6.0,105,3.5,565,18.8,11
jacksonville-state,31,10,21,32.3,1975.0,65.8,51.5,102.0,685,1633,41.9,469,695,67.5,175,541,32.3,47.3,51.3,42.6,50.6,23.3,26.1,1.02,2014,65.0,48.9,950,30.6,31.3,336,10.8,66.5,614,19.8,98,3.2,53.4,366,11.8,1.04,9.9,195,6.3,17.8,351,11.3,7.1,110,3.5,601,19.4,15
james-madison,30,11,19,36.7,1949.0,65.0,48.8,97.0,627,1528,41.0,486,714,68.1,148,533,27.8,45.9,50.6,46.7,50.7,25.7,23.5,0.97,1890,63.0,48.5,1005,33.5,29.2,298,9.9,67.7,707,23.6,98,3.3,42.3,265,8.8,0.72,9.2,180,6.0,18.9,369,12.3,5.7,92,3.1,570,19.0,16
kansas,30,23,7,76.7,2067.0,68.9,57.4,115.2,822,1649,49.8,570,806,70.7,167,478,34.9,54.9,58.6,48.9,55.0,23.9,21.0,1.15,2381,79.4,54.1,1146,38.2,37.5,353,11.8,70.6,793,26.4,71,2.4,56.7,466,15.5,1.17,8.5,176,5.9,19.3,398,13.3,10.3,172,5.7,631,21.0,8
kansas-state,30,20,10,66.7,1988.0,66.3,53.9,104.2,725,1676,43.3,444,679,65.4,178,542,32.8,48.6,51.8,40.5,52.8,21.4,25.8,1.04,2072,69.1,51.1,1090,36.3,35.1,377,12.6,67.1,713,23.8,100,3.3,63.9,463,15.4,1.25,9.3,185,6.2,18.6,370,12.3,5.7,91,3.0,645,21.5,14
kennesaw-state,31,6,25,19.4,2115.0,68.2,48.6,95.3,708,1676,42.2,408,628,65.0,192,559,34.3,48.0,51.1,37.5,51.2,20.2,28.6,0.95,2016,65.0,48.3,1019,32.9,31.7,346,11.2,64.9,673,21.7,115,3.7,48.6,344,11.1,0.7,8.6,182,5.9,23.4,494,15.9,5.6,95,3.1,673,21.7,14
kent-state,31,16,15,51.6,2079.0,67.1,50.9,104.1,744,1738,42.8,450,643,70.0,226,653,34.6,49.3,53.0,37.0,47.9,20.8,31.3,1.04,2164,69.8,49.8,1046,33.7,30.5,332,10.7,69.1,714,23.0,118,3.8,47.4,353,11.4,0.94,9.2,192,6.2,18.0,374,12.1,6.3,102,3.3,650,21.0,16
kentucky,30,22,8,73.3,2038.0,67.9,59.1,112.9,763,1688,45.2,625,909,68.8,150,478,31.4,49.6,54.3,53.9,53.3,27.2,19.6,1.13,2301,76.7,56.4,1251,41.7,43.6,453,15.1,69.2,798,26.6,100,3.3,45.2,345,11.5,0.93,7.0,142,4.7,18.2,371,12.4,10.8,190,6.3,562,18.7,11
la-salle,29,14,15,48.3,1930.0,66.6,51.6,101.4,673,1641,41.0,443,629,70.4,168,514,32.7,46.1,50.4,38.3,51.6,22.6,25.8,1.01,1957,67.5,50.7,1042,35.9,33.3,352,12.1,68.0,690,23.8,126,4.3,53.6,361,12.4,1.05,8.3,160,5.5,17.8,344,11.9,6.1,102,3.5,462,15.9,7
lafayette,31,11,20,35.5,2047.0,66.0,51.1,108.1,781,1661,47.0,419,563,74.4,231,580,39.8,54.0,57.4,33.9,49.7,18.9,31.3,1.08,2212,71.4,46.8,927,29.9,27.6,264,8.5,66.0,663,21.4,120,3.9,51.2,400,12.9,1.04,7.9,162,5.2,18.8,384,12.4,3.8,66,2.1,555,17.9,5
lamar,29,4,25,13.8,2016.0,69.5,48.1,96.2,692,1570,44.1,462,621,74.4,93,294,31.6,47.0,52.0,39.6,61.8,23.8,14.4,0.96,1939,66.9,46.3,906,31.2,27.0,261,9.0,65.5,645,22.2,90,3.1,50.4,349,12.0,0.85,7.7,156,5.4,20.4,411,14.2,4.9,83,2.9,534,18.4,12
lehigh,32,14,18,43.8,2130.0,66.6,48.5,99.6,758,1756,43.2,406,574,70.7,199,555,35.9,48.8,52.3,32.7,52.7,19.1,28.1,1.0,2121,66.3,46.7,1067,33.3,26.0,280,8.8,67.4,787,24.6,117,3.7,54.9,416,13.0,1.08,7.5,159,5.0,18.0,384,12.0,6.0,112,3.5,572,17.9,10
liberty,32,11,21,34.4,2094.0,65.4,55.3,107.4,816,1781,45.8,438,622,70.4,180,502,35.9,50.9,54.2,34.9,56.5,19.5,24.0,1.07,2250,70.3,54.5,1186,37.1,37.9,403,12.6,71.0,783,24.5,97,3.0,51.8,423,13.2,1.0,7.2,150,4.7,20.2,424,13.3,6.2,110,3.4,564,17.6,9
lipscomb,30,15,15,50.0,2148.0,71.6,49.4,106.0,727,1683,43.2,547,800,68.4,275,778,35.3,51.4,55.2,47.5,39.7,24.0,36.2,1.06,2276,75.9,47.7,991,33.0,26.5,291,9.7,68.9,700,23.3,86,2.9,57.2,416,13.9,1.11,9.4,202,6.7,17.5,376,12.5,3.4,57,1.9,661,22.0,27
long-beach-state,29,13,16,44.8,1949.0,67.2,54.7,103.6,746,1745,42.8,352,534,65.9,175,566,30.9,47.8,50.5,30.6,56.6,17.4,26.0,1.04,2019,69.6,51.8,1075,37.1,36.4,402,13.9,67.2,673,23.2,103,3.6,48.3,360,12.4,1.02,9.0,175,6.0,18.1,353,12.2,4.3,70,2.4,522,18.0,9
long-island,29,9,20,31.0,1996.0,68.8,51.0,104.2,707,1653,42.8,448,625,71.7,218,631,34.5,49.4,53.3,37.8,47.0,21.5,31.4,1.04,2080,71.7,48.6,1001,34.5,31.0,325,11.2,66.1,676,23.3,134,4.6,57.6,407,14.0,1.1,6.3,125,4.3,18.6,371,12.8,3.7,66,2.3,509,17.6,20
longwood,32,8,24,25.0,2231.0,69.7,49.8,100.2,812,1845,44.0,431,591,72.9,180,513,35.1,48.9,52.6,32.0,56.6,19.3,24.2,1.0,2235,69.8,46.0,998,31.2,27.6,309,9.7,64.3,689,21.5,109,3.4,53.0,430,13.4,1.05,9.7,216,6.8,18.3,408,12.8,3.2,58,1.8,623,19.5,11
louisiana-lafayette,30,19,11,63.3,2196.0,73.2,56.3,111.4,844,1806,46.7,551,812,67.9,207,572,36.2,52.5,55.8,45.0,52.1,22.5,25.4,1.11,2446,81.5,51.9,1131,37.7,37.0,406,13.5,66.7,725,24.2,83,2.8,48.3,408,13.6,0.98,10.2,224,7.5,18.9,416,13.9,6.9,122,4.1,629,21.0,12
louisiana-tech,31,25,6,80.6,2243.0,72.4,56.1,112.4,872,1906,45.8,545,800,68.1,232,722,32.1,51.8,55.1,42.0,50.8,21.6,27.6,1.12,2521,81.3,52.1,1224,39.5,33.8,398,12.8,70.4,826,26.6,118,3.8,57.2,499,16.1,1.39,13.1,294,9.5,16.0,358,11.5,9.3,163,5.3,586,18.9,9
louisiana-monroe,25,9,16,36.0,1667.0,66.7,49.7,96.4,582,1363,42.7,312,495,63.0,131,410,32.0,47.5,50.3,36.3,56.1,19.4,24.5,0.96,1607,64.3,49.5,870,34.8,30.1,262,10.5,68.9,608,24.3,70,2.8,54.1,315,12.6,0.94,8.8,147,5.9,20.2,336,13.4,6.5,91,3.6,464,18.6,13
louisville,30,25,5,83.3,2073.0,69.1,59.5,118.4,866,1818,47.6,481,734,65.5,241,649,37.1,54.3,56.6,40.4,50.9,19.6,29.5,1.18,2454,81.8,52.1,1123,37.4,36.9,403,13.4,67.3,720,24.0,49,1.6,53.6,464,15.5,1.48,14.3,297,9.9,15.1,313,10.4,9.1,145,4.8,602,20.1,12
loyola-il,32,10,22,31.3,2054.0,64.2,49.6,102.5,744,1609,46.2,426,606,70.3,191,546,35.0,52.2,55.5,37.7,52.5,20.2,27.2,1.02,2105,65.8,48.2,973,30.4,27.3,266,8.3,69.0,707,22.1,78,2.4,56.3,419,13.1,0.98,8.6,176,5.5,20.7,426,13.3,4.9,82,2.6,622,19.4,12
loyola-md,30,11,19,36.7,1989.0,66.3,50.5,98.4,680,1642,41.4,452,678,66.7,145,452,32.1,45.8,49.8,41.3,54.7,23.1,22.2,0.98,1957,65.2,47.3,935,31.2,30.7,329,11.0,63.8,606,20.2,90,3.0,49.4,336,11.2,0.94,11.9,236,7.9,17.9,357,11.9,8.0,128,4.3,584,19.5,16
loyola-marymount,31,13,18,41.9,2176.0,72.5,53.0,104.4,815,1854,44.0,504,663,76.0,137,461,29.7,47.7,52.4,35.8,59.7,22.2,18.1,1.04,2271,73.3,48.7,1039,33.5,32.6,366,11.8,64.8,673,21.7,107,3.5,48.3,394,12.7,1.06,10.3,224,7.2,17.1,373,12.0,6.5,114,3.7,621,20.0,14
lsu,29,18,11,62.1,2088.0,72.0,54.3,105.7,797,1788,44.6,420,618,68.0,192,566,33.9,49.9,53.0,34.6,54.9,19.0,26.1,1.06,2206,76.1,52.4,1170,40.3,36.0,394,13.6,68.8,776,26.8,114,3.9,51.9,414,14.3,1.02,11.1,231,8.0,19.5,407,14.0,10.2,177,6.1,545,18.8,6
maine,28,6,22,21.4,2084.0,74.4,48.4,97.7,742,1657,44.8,374,558,67.0,179,524,34.2,50.2,53.0,33.7,55.3,18.4,26.4,0.98,2037,72.8,45.2,932,33.3,25.4,260,9.3,65.0,672,24.0,107,3.8,55.3,410,14.6,0.99,10.1,210,7.5,19.9,415,14.8,3.6,64,2.3,585,20.9,18
manhattan,29,22,7,75.9,2099.0,72.4,54.1,107.0,728,1623,44.9,605,918,65.9,185,508,36.4,50.6,54.5,56.6,48.4,26.9,24.7,1.07,2246,77.4,50.5,1095,37.8,34.8,373,12.9,66.1,722,24.9,125,4.3,53.6,390,13.4,0.94,11.9,250,8.6,19.7,414,14.3,11.4,184,6.3,711,24.5,16
marist,31,12,19,38.7,2123.0,68.5,49.2,99.8,709,1736,40.8,500,700,71.4,201,580,34.7,46.6,51.2,40.3,47.9,23.6,28.5,1.0,2119,68.4,48.4,1057,34.1,29.7,334,10.8,67.0,723,23.3,113,3.6,48.2,342,11.0,0.89,9.5,202,6.5,18.1,384,12.4,7.0,122,3.9,583,18.8,8
marquette,30,17,13,56.7,2040.0,68.0,54.2,105.6,744,1687,44.1,526,760,69.2,141,449,31.4,48.3,52.6,45.1,56.0,24.4,19.6,1.06,2155,71.8,52.4,1100,36.7,34.5,363,12.1,70.3,737,24.6,79,2.6,58.7,437,14.6,1.23,9.5,193,6.4,17.4,354,11.8,5.7,95,3.2,587,19.6,12
marshall,31,10,21,32.3,2187.0,70.5,53.4,103.5,792,1824,43.4,488,782,62.4,192,615,31.2,48.7,51.6,42.9,53.0,21.6,25.4,1.04,2264,73.0,49.7,1159,37.4,33.1,397,12.8,66.2,762,24.6,120,3.9,48.9,387,12.5,0.96,9.2,201,6.5,18.4,402,13.0,6.6,118,3.8,615,19.8,19
maryland,30,16,14,53.3,2057.0,68.6,52.5,103.5,749,1745,42.9,419,625,67.0,213,620,34.4,49.0,52.2,35.8,50.3,19.7,30.0,1.04,2130,71.0,52.8,1139,38.0,33.9,369,12.3,71.6,770,25.7,110,3.7,47.8,358,11.9,0.93,9.1,188,6.3,18.7,384,12.8,7.9,130,4.3,595,19.8,11
maryland-baltimore-county,29,9,20,31.0,2039.0,70.3,47.8,93.8,649,1613,40.2,450,686,65.6,164,546,30.0,45.3,49.3,42.5,50.7,23.5,25.7,0.94,1912,65.9,49.5,989,34.1,30.2,332,11.4,68.7,657,22.7,109,3.8,52.2,339,11.7,0.77,11.6,236,8.1,21.5,438,15.1,5.7,84,2.9,689,23.8,18
maryland-eastern-shore,29,6,23,20.7,1942.0,69.4,50.1,99.0,634,1593,39.8,484,674,71.8,170,535,31.8,45.1,50.2,42.3,48.3,25.2,26.5,0.99,1922,66.3,49.0,959,33.1,32.7,346,11.9,65.2,613,21.1,96,3.3,51.6,327,11.3,0.9,9.6,186,6.4,18.7,364,12.6,3.9,62,2.1,562,19.4,7
massachusetts,29,23,6,79.3,2083.0,71.8,55.0,107.1,802,1718,46.7,467,692,67.5,160,446,35.9,51.3,54.5,40.3,57.6,20.9,21.5,1.07,2231,76.9,51.3,1121,38.7,35.0,357,12.3,67.6,764,26.3,126,4.3,56.7,455,15.7,1.17,9.2,192,6.6,18.7,390,13.4,9.5,167,5.8,567,19.6,14
mcneese-state,29,10,19,34.5,2019.0,69.6,50.3,97.6,686,1743,39.4,409,584,70.0,189,625,30.2,44.8,48.8,33.5,50.5,20.8,28.8,0.98,1970,67.9,48.8,1066,36.8,33.3,381,13.1,64.2,685,23.6,78,2.7,50.9,349,12.0,0.92,9.7,195,6.7,18.7,378,13.0,6.4,111,3.8,518,17.9,11
memphis,30,22,8,73.3,2153.0,71.8,56.8,109.8,867,1786,48.5,467,707,66.1,162,480,33.8,53.1,55.7,39.6,59.7,19.8,20.6,1.1,2363,78.8,51.2,1131,37.7,36.0,375,12.5,66.4,756,25.2,98,3.3,61.6,534,17.8,1.33,11.8,255,8.5,18.6,401,13.4,8.0,144,4.8,550,18.3,13
mercer,33,25,8,75.8,2268.0,66.7,56.0,115.9,911,1901,47.9,532,730,72.9,273,700,39.0,55.1,58.5,38.4,48.6,20.2,31.2,1.16,2628,79.6,52.8,1250,37.9,34.1,377,11.4,71.4,873,26.5,121,3.7,60.3,549,16.6,1.38,8.8,200,6.1,17.6,399,12.1,7.5,139,4.2,612,18.5,14
miami-fl,30,15,15,50.0,1784.0,59.5,52.7,103.4,648,1553,41.7,378,557,67.9,171,523,32.7,47.2,50.8,35.9,51.7,20.5,27.8,1.03,1845,61.5,50.9,1035,34.5,32.9,329,11.0,68.8,706,23.5,91,3.0,48.1,312,10.4,1.04,8.5,151,5.0,16.8,300,10.0,7.2,113,3.8,480,16.0,8
miami-oh,28,12,16,42.9,1879.0,67.1,47.3,96.9,652,1497,43.6,383,509,75.2,134,444,30.2,48.0,52.4,34.0,56.9,21.0,22.1,0.97,1821,65.0,48.0,869,31.0,25.8,238,8.5,70.2,631,22.5,86,3.1,54.1,353,12.6,0.92,12.9,243,8.7,20.4,383,13.7,4.5,67,2.4,483,17.3,13
michigan,29,22,7,75.9,1853.0,63.9,54.8,117.6,755,1572,48.0,422,558,75.6,248,620,40.0,55.9,59.3,35.5,46.5,19.4,34.1,1.18,2180,75.2,50.5,944,32.6,29.0,257,8.9,71.9,687,23.7,72,2.5,56.0,423,14.6,1.54,8.0,148,5.1,14.8,275,9.5,4.5,72,2.5,423,14.6,5
michigan-state,30,23,7,76.7,2027.0,67.6,55.2,113.3,820,1733,47.3,409,591,69.2,247,631,39.1,54.4,57.0,34.1,49.9,17.8,32.3,1.13,2296,76.5,52.5,1119,37.3,32.7,327,10.9,72.3,792,26.4,71,2.4,63.0,517,17.2,1.5,10.8,218,7.3,17.0,345,11.5,8.6,142,4.7,568,18.9,6
middle-tennessee-state,31,23,8,74.2,2064.0,66.6,55.2,107.0,770,1697,45.4,502,753,66.7,166,490,33.9,50.3,53.7,44.4,54.7,22.7,22.6,1.07,2208,71.2,53.3,1136,36.6,35.5,377,12.2,71.0,759,24.5,101,3.3,54.2,417,13.5,1.09,11.0,228,7.4,18.5,382,12.3,9.2,146,4.7,620,20.0,20
wisconsin-milwaukee,32,19,13,59.4,2198.0,68.7,49.0,103.3,742,1710,43.4,563,772,72.9,223,689,32.4,49.9,54.7,45.1,45.7,24.8,29.5,1.03,2271,71.0,48.6,1073,33.5,28.4,310,9.7,68.9,763,23.8,123,3.8,59.7,443,13.8,1.02,8.6,189,5.9,19.8,435,13.6,4.4,80,2.5,579,18.1,13
minnesota,30,18,12,60.0,1977.0,65.9,53.3,108.8,739,1654,44.7,462,621,74.4,210,605,34.7,51.0,55.2,37.5,49.2,21.5,29.3,1.09,2150,71.7,51.4,1045,34.8,33.2,333,11.1,69.5,712,23.7,107,3.6,56.2,415,13.8,1.16,11.4,226,7.5,18.2,359,12.0,7.9,129,4.3,576,19.2,15
mississippi-state,30,13,17,43.3,2074.0,69.1,49.4,97.6,713,1624,43.9,460,695,66.2,138,460,30.0,48.2,51.8,42.8,56.8,22.7,20.5,0.98,2024,67.5,48.7,990,33.0,28.3,295,9.8,69.2,695,23.2,105,3.5,50.8,362,12.1,0.87,11.2,232,7.7,20.0,415,13.8,4.9,83,2.8,524,17.5,14
mississippi-valley-state,30,9,21,30.0,2217.0,73.9,49.2,97.5,762,1802,42.3,452,672,67.3,186,591,31.5,47.4,51.0,37.3,53.3,20.9,25.8,0.98,2162,72.1,49.1,1036,34.5,29.3,339,11.3,69.0,697,23.2,129,4.3,43.6,332,11.1,0.76,10.4,230,7.7,19.6,434,14.5,3.2,55,1.8,667,22.2,10
missouri,30,21,9,70.0,1991.0,66.4,54.8,111.5,725,1569,46.2,587,798,73.6,183,513,35.7,52.0,57.0,50.9,48.8,26.4,24.7,1.12,2220,74.0,52.9,1124,37.5,35.7,340,11.3,70.0,784,26.1,90,3.0,44.1,320,10.7,0.86,7.0,140,4.7,18.8,374,12.5,5.9,100,3.3,579,19.3,8
missouri-state,31,20,11,64.5,2043.0,65.9,50.3,105.6,722,1660,43.5,495,700,70.7,218,600,36.3,50.1,54.1,42.2,46.7,22.9,30.3,1.06,2157,69.6,49.5,1018,32.8,27.4,284,9.2,71.5,734,23.7,82,2.6,52.4,378,12.2,1.11,7.4,152,4.9,16.7,341,11.0,5.7,92,3.0,622,20.1,16
missouri-kansas-city,28,10,18,35.7,2002.0,71.5,48.8,96.8,675,1585,42.6,435,682,63.8,150,506,29.6,47.3,50.8,43.0,54.2,22.4,23.2,0.97,1938,69.2,47.8,925,33.0,27.3,281,10.0,68.2,644,23.0,95,3.4,46.7,315,11.3,0.84,10.3,207,7.4,18.8,376,13.4,4.2,67,2.4,573,20.5,20
monmouth,32,11,21,34.4,2251.0,70.3,51.5,98.1,776,1847,42.0,479,749,64.0,177,527,33.6,46.8,50.1,40.6,54.3,21.7,24.0,0.98,2208,69.0,51.4,1184,37.0,33.7,413,12.9,69.1,771,24.1,137,4.3,49.7,386,12.1,0.84,9.9,222,6.9,20.5,462,14.4,5.6,96,3.0,698,21.8,17
montana,28,17,11,60.7,1762.0,62.9,52.1,114.2,667,1383,48.2,462,627,73.7,217,565,38.4,56.1,59.9,45.3,44.7,23.0,32.3,1.14,2013,71.9,45.1,760,27.1,24.7,199,7.1,65.5,561,20.0,82,2.9,48.7,325,11.6,1.16,8.1,142,5.1,15.8,279,10.0,5.0,71,2.5,574,20.5,11
montana-state,30,14,16,46.7,1987.0,66.2,50.0,103.2,716,1611,44.4,437,617,70.8,181,508,35.6,50.1,53.8,38.3,52.2,21.3,26.5,1.03,2050,68.3,50.2,936,31.2,26.1,261,8.7,74.3,675,22.5,90,3.0,43.9,314,10.5,0.91,10.1,201,6.7,17.3,344,11.5,3.3,50,1.7,550,18.3,7
morehead-state,33,20,13,60.6,2380.0,72.1,54.8,106.6,838,1867,44.9,680,971,70.0,180,608,29.6,49.7,54.5,52.0,51.9,26.8,21.3,1.07,2536,76.8,56.4,1269,38.5,39.9,467,14.2,72.9,802,24.3,110,3.3,53.1,445,13.5,0.86,11.1,264,8.0,21.7,516,15.6,5.7,100,3.0,773,23.4,36
morgan-state,28,13,15,46.4,1977.0,70.6,54.8,100.8,718,1681,42.7,431,711,60.6,126,486,25.9,46.5,49.4,42.3,59.4,21.6,19.0,1.01,1993,71.2,50.6,1066,38.1,35.5,398,14.2,65.6,668,23.9,120,4.3,49.2,353,12.6,0.99,9.0,178,6.4,18.1,357,12.8,8.9,142,5.1,580,20.7,10
mount-st-marys,30,14,16,46.7,2131.0,71.0,50.2,106.8,761,1754,43.4,483,650,74.3,270,760,35.5,51.1,55.1,37.1,43.2,21.2,35.6,1.07,2275,75.8,47.4,963,32.1,27.8,300,10.0,67.0,663,22.1,93,3.1,46.8,356,11.9,0.99,10.1,215,7.2,16.8,359,12.0,5.1,90,3.0,569,19.0,11
murray-state,29,18,11,62.1,1997.0,68.9,56.0,112.5,758,1597,47.5,519,788,65.9,212,563,37.7,54.1,57.0,49.3,48.6,23.1,28.3,1.13,2247,77.5,51.3,1040,35.9,34.7,343,11.8,67.9,697,24.0,93,3.2,49.5,375,12.9,1.02,8.3,166,5.7,18.5,369,12.7,6.6,112,3.9,554,19.1,18
navy,30,9,21,30.0,1910.0,63.7,49.2,95.3,660,1645,40.1,299,471,63.5,201,612,32.8,46.2,48.7,28.6,50.4,16.4,33.1,0.95,1820,60.7,50.8,1006,33.5,30.6,335,11.2,70.9,671,22.4,116,3.9,57.7,381,12.7,1.01,10.2,195,6.5,19.7,376,12.5,6.7,99,3.3,566,18.9,10
north-carolina-state,30,18,12,60.0,1992.0,66.4,56.0,106.9,793,1736,45.7,407,628,64.8,136,452,30.1,49.6,52.3,36.2,61.7,19.1,19.2,1.07,2129,71.0,49.2,1044,34.8,34.4,361,12.0,64.0,683,22.8,100,3.3,48.0,381,12.7,1.18,7.2,144,4.8,16.3,324,10.8,7.5,125,4.2,564,18.8,11
nebraska,29,18,11,62.1,1890.0,65.2,49.2,102.3,648,1520,42.6,465,652,71.3,172,512,33.6,48.3,52.8,42.9,49.2,24.1,26.7,1.02,1933,66.7,49.0,969,33.4,26.5,259,8.9,71.4,710,24.5,92,3.2,43.1,279,9.6,0.86,10.6,200,6.9,17.1,323,11.1,5.8,88,3.0,586,20.2,15
nebraska-omaha,30,16,14,53.3,2225.0,74.2,51.5,108.1,828,1842,45.0,539,702,76.8,210,607,34.6,50.7,55.3,38.1,51.4,22.4,26.2,1.08,2406,80.2,49.0,1024,34.1,29.2,313,10.4,68.8,711,23.7,103,3.4,56.0,464,15.5,1.24,11.2,250,8.3,16.8,373,12.4,4.7,82,2.7,561,18.7,19
nevada,30,14,16,46.7,2016.0,67.2,53.2,108.0,749,1717,43.6,479,664,72.1,201,593,33.9,49.5,53.6,38.7,50.3,22.0,27.7,1.08,2178,72.6,50.1,1047,34.9,31.5,334,11.1,68.7,713,23.8,98,3.3,43.0,322,10.7,1.01,7.3,148,4.9,15.8,318,10.6,7.9,134,4.5,563,18.8,9
new-hampshire,29,6,23,20.7,1857.0,64.0,44.7,90.2,564,1507,37.4,346,501,69.1,201,619,32.5,44.1,48.0,33.2,43.3,20.7,36.0,0.9,1675,57.8,49.8,1007,34.7,27.5,281,9.7,72.1,726,25.0,115,4.0,50.2,283,9.8,0.74,6.4,118,4.1,20.6,382,13.2,6.4,98,3.4,561,19.3,23
new-jersey-tech,29,13,16,44.8,2013.0,69.4,50.2,104.8,728,1638,44.4,435,603,72.1,216,578,37.4,51.0,54.8,36.8,48.6,20.6,30.7,1.05,2109,72.7,48.7,990,34.1,28.7,284,9.8,68.8,706,24.3,92,3.2,54.1,394,13.6,1.04,9.3,187,6.4,18.8,379,13.1,6.5,104,3.6,585,20.2,20
new-mexico,29,24,5,82.8,1942.0,67.0,55.3,112.7,741,1614,45.9,531,731,72.6,175,506,34.6,51.3,55.8,45.3,51.7,24.3,24.0,1.13,2188,75.4,52.2,1114,38.4,32.7,315,10.9,71.7,799,27.6,93,3.2,60.9,451,15.6,1.53,7.6,148,5.1,15.2,295,10.2,8.9,153,5.3,485,16.7,9
new-mexico-state,32,23,9,71.9,2182.0,68.2,57.5,114.0,835,1710,48.8,641,941,68.1,176,478,36.8,54.0,57.7,55.0,53.0,25.8,21.2,1.14,2487,77.7,52.2,1198,37.4,37.8,385,12.0,66.5,813,25.4,75,2.3,50.4,421,13.2,1.02,7.1,155,4.8,18.8,411,12.8,10.8,207,6.5,547,17.1,12
new-orleans,25,11,14,44.0,1818.0,72.7,51.3,98.8,598,1385,43.2,467,691,67.6,134,388,34.5,48.0,52.4,49.9,51.6,26.0,22.4,0.99,1797,71.9,52.5,935,37.4,35.7,329,13.2,69.3,606,24.2,73,2.9,50.2,300,12.0,0.71,9.2,168,6.7,23.2,422,16.9,5.7,81,3.2,528,21.1,9
niagara,32,7,25,21.9,2360.0,73.8,52.0,101.9,808,1884,42.9,630,924,68.2,158,529,29.9,47.1,51.7,49.0,54.1,26.2,19.7,1.02,2404,75.1,48.9,1103,34.5,32.5,401,12.5,65.3,702,21.9,123,3.8,39.6,320,10.0,0.73,9.7,228,7.1,18.7,441,13.8,3.9,70,2.2,760,23.8,31
nicholls-state,26,13,13,50.0,1762.0,67.8,51.3,102.1,641,1426,45.0,361,564,64.0,156,504,31.0,50.4,53.1,39.6,53.9,20.1,26.0,1.02,1799,69.2,48.7,818,31.5,28.2,254,9.8,69.3,564,21.7,79,3.0,54.0,346,13.3,1.09,8.9,156,6.0,18.0,317,12.2,5.4,70,2.7,623,24.0,19
norfolk-state,30,17,13,56.7,2027.0,67.6,55.8,108.2,785,1686,46.6,455,654,69.6,169,484,34.9,51.6,54.9,38.8,56.2,20.7,23.1,1.08,2194,73.1,52.2,1076,35.9,37.5,380,12.7,66.9,696,23.2,113,3.8,53.9,423,14.1,1.05,8.9,181,6.0,19.9,403,13.4,7.2,119,4.0,600,20.0,17
north-carolina,30,23,7,76.7,2112.0,70.4,58.4,108.2,831,1803,46.1,499,803,62.1,125,371,33.7,49.6,52.3,44.5,61.8,21.8,16.4,1.08,2286,76.2,53.9,1217,40.6,38.5,433,14.4,69.3,784,26.1,89,3.0,57.0,474,15.8,1.32,10.5,221,7.4,17.0,360,12.0,8.5,146,4.9,596,19.9,17
north-carolina-at,31,9,22,29.0,2121.0,68.4,47.9,96.3,611,1575,38.8,653,927,70.4,167,542,30.8,44.1,50.7,58.9,43.5,32.0,24.5,0.96,2042,65.9,50.5,1112,35.9,33.1,369,11.9,67.8,743,24.0,139,4.5,47.6,291,9.4,0.62,7.0,148,4.8,22.3,473,15.3,7.4,123,4.0,718,23.2,24
north-carolina-central,30,25,5,83.3,1983.0,66.1,56.1,111.3,747,1623,46.0,557,772,72.2,156,480,32.5,50.8,55.5,47.6,53.6,25.2,21.2,1.11,2207,73.6,51.9,1068,35.6,36.4,359,12.0,67.3,709,23.6,113,3.8,59.3,443,14.8,1.27,12.4,245,8.2,17.7,350,11.7,8.3,127,4.2,592,19.7,22
north-carolina-asheville,31,17,14,54.8,2197.0,70.9,53.7,109.6,811,1780,45.6,571,770,74.2,214,583,36.7,51.6,56.1,43.3,49.6,23.7,26.7,1.1,2407,77.6,51.1,1173,37.8,35.5,375,12.1,66.7,798,25.7,84,2.7,48.2,391,12.6,0.92,9.1,201,6.5,19.4,427,13.8,10.0,186,6.0,593,19.1,15
north-carolina-greensboro,32,14,18,43.8,2275.0,71.1,50.1,99.6,808,1835,44.0,484,704,68.8,167,488,34.2,48.6,52.2,38.4,56.6,21.3,22.1,1.0,2267,70.8,51.0,1172,36.6,29.5,336,10.5,72.4,836,26.1,80,2.5,47.0,380,11.9,0.85,7.9,180,5.6,19.6,447,14.0,4.1,75,2.3,681,21.3,21
north-carolina-wilmington,32,9,23,28.1,2104.0,65.8,51.2,95.9,741,1841,40.2,397,606,65.5,139,509,27.3,44.0,47.4,32.9,59.7,19.7,20.7,0.96,2018,63.1,49.5,1148,35.9,32.0,390,12.2,67.0,758,23.7,99,3.1,46.7,346,10.8,0.94,9.1,191,6.0,17.4,367,11.5,7.3,129,4.0,581,18.2,9
north-dakota,30,15,15,50.0,2064.0,71.2,54.1,107.8,782,1703,45.9,478,704,67.9,184,555,33.2,51.3,54.6,41.3,53.7,21.5,24.8,1.08,2226,74.2,49.4,940,31.3,31.1,325,10.8,67.7,615,20.5,87,2.9,47.3,370,12.3,1.08,12.5,257,8.6,16.7,344,11.5,5.3,83,2.8,612,20.4,4
north-dakota-state,29,23,6,79.3,1880.0,64.8,57.9,118.4,794,1559,50.9,482,646,74.6,155,430,36.0,55.9,59.6,41.4,57.4,21.7,20.9,1.18,2225,76.7,53.1,955,32.9,32.7,278,9.6,73.5,677,23.3,56,1.9,43.8,348,12.0,1.19,10.2,192,6.6,15.6,293,10.1,8.8,132,4.6,519,17.9,11
north-florida,32,16,16,50.0,2223.0,69.5,51.7,104.3,789,1784,44.2,513,725,70.8,227,633,35.9,50.6,54.5,40.6,48.5,22.1,29.4,1.04,2318,72.4,51.9,1183,37.0,34.0,383,12.0,69.7,800,25.0,100,3.1,50.8,401,12.5,0.83,7.5,167,5.2,21.7,483,15.1,6.8,126,3.9,600,18.8,17
north-texas,30,15,15,50.0,2124.0,70.8,51.0,99.1,736,1741,42.3,485,725,66.9,147,444,33.1,46.5,50.4,41.6,56.0,23.1,21.0,0.99,2104,70.1,50.0,1113,37.1,30.6,348,11.6,69.4,765,25.5,114,3.8,41.6,306,10.2,0.79,9.4,199,6.6,18.1,385,12.8,6.0,105,3.5,607,20.2,13
northeastern,30,10,20,33.3,1948.0,64.9,51.7,99.8,682,1578,43.2,434,684,63.5,147,457,32.2,47.9,51.1,43.3,55.0,22.3,22.7,1.0,1945,64.8,51.2,1041,34.7,32.6,336,11.2,69.7,705,23.5,93,3.1,51.3,350,11.7,0.9,8.4,164,5.5,20.0,390,13.0,6.4,105,3.5,518,17.3,12
northern-arizona,30,14,16,46.7,1936.0,64.5,52.6,104.2,729,1609,45.3,400,560,71.4,159,453,35.1,50.2,53.8,34.8,56.5,19.8,23.6,1.04,2017,67.2,52.4,983,32.8,33.0,317,10.6,71.8,666,22.2,80,2.7,43.9,320,10.7,0.84,9.7,188,6.3,19.6,380,12.7,7.5,116,3.9,531,17.7,8
northern-colorado,28,16,12,57.1,1833.0,65.5,57.2,114.1,758,1542,49.2,407,595,68.4,168,436,38.5,54.6,57.3,38.6,56.4,19.5,24.1,1.14,2091,74.7,52.7,915,32.7,34.7,310,11.1,70.7,605,21.6,78,2.8,43.1,327,11.7,1.01,8.6,158,5.6,17.7,324,11.6,4.3,63,2.3,562,20.1,9
northern-illinois,29,13,16,44.8,1888.0,65.1,51.2,96.4,589,1506,39.1,518,758,68.3,124,441,28.1,43.2,48.8,50.3,51.1,28.5,20.4,0.96,1820,62.8,53.8,1100,37.9,38.1,401,13.8,69.4,699,24.1,107,3.7,41.6,245,8.4,0.58,9.6,182,6.3,22.6,426,14.7,6.2,93,3.2,588,20.3,12
northern-iowa,31,16,15,51.6,2048.0,66.1,51.1,110.2,762,1693,45.0,468,646,72.4,264,732,36.1,52.8,56.4,38.2,44.1,20.7,35.1,1.1,2256,72.8,49.4,1022,33.0,26.3,272,8.8,72.5,750,24.2,72,2.3,57.2,436,14.1,1.32,8.5,175,5.6,16.1,330,10.6,5.4,90,2.9,568,18.3,12
northern-kentucky,30,9,21,30.0,1953.0,65.1,50.4,104.7,704,1618,43.5,408,578,70.6,228,654,34.9,50.6,54.0,35.7,46.6,20.0,33.5,1.05,2044,68.1,48.1,940,31.3,28.4,286,9.5,67.8,654,21.8,78,2.6,47.4,334,11.1,0.96,8.3,163,5.4,17.8,348,11.6,5.7,89,3.0,623,20.8,10
northwestern,30,12,18,40.0,1895.0,63.2,44.8,93.5,602,1537,39.2,376,541,69.5,192,648,29.6,45.4,49.4,35.2,46.3,21.2,32.5,0.94,1772,59.1,46.7,990,33.0,22.9,234,7.8,70.5,756,25.2,129,4.3,54.3,327,10.9,0.99,6.8,129,4.3,17.4,330,11.0,6.9,111,3.7,554,18.5,17
northwestern-state,28,15,13,53.6,2231.0,79.7,54.7,109.0,876,1859,47.1,522,711,73.4,158,476,33.2,51.4,55.4,38.2,59.0,21.5,19.5,1.09,2432,86.9,48.0,1061,37.9,32.3,351,12.5,63.7,710,25.4,93,3.3,53.9,472,16.9,1.22,11.4,255,9.1,17.3,386,13.8,8.3,150,5.4,582,20.8,9
notre-dame,31,15,16,48.4,2022.0,65.2,54.6,110.5,815,1782,45.7,382,534,71.5,222,617,36.0,52.0,54.9,30.0,53.1,17.1,29.8,1.1,2234,72.1,51.2,1058,34.1,32.4,335,10.8,69.9,723,23.3,92,3.0,57.5,469,15.1,1.44,8.9,180,5.8,16.1,325,10.5,5.4,94,3.0,494,15.9,8
oakland,33,13,20,39.4,2296.0,69.6,49.6,106.9,821,1890,43.4,534,731,73.1,279,754,37.0,50.8,54.9,38.7,44.2,21.8,34.1,1.07,2455,74.4,47.6,1025,31.1,25.3,298,9.0,69.8,727,22.0,76,2.3,63.6,522,15.8,1.42,10.0,229,6.9,16.0,367,11.1,3.4,61,1.8,658,19.9,23
ohio,30,20,10,66.7,2017.0,67.2,51.6,106.0,757,1659,45.6,409,576,71.0,216,626,34.5,52.1,55.3,34.7,50.6,19.1,30.3,1.06,2139,71.3,49.4,1064,35.5,29.7,295,9.8,69.2,769,25.6,120,4.0,57.2,433,14.4,1.14,9.6,193,6.4,18.8,380,12.7,8.1,133,4.4,591,19.7,19
ohio-state,30,22,8,73.3,1960.0,65.3,52.4,107.2,721,1601,45.0,478,685,69.8,181,544,33.3,50.7,54.5,42.8,51.4,22.8,25.8,1.07,2101,70.0,49.5,1012,33.7,29.1,291,9.7,70.0,721,24.0,67,2.2,49.8,359,12.0,1.08,11.5,225,7.5,16.9,331,11.0,8.2,132,4.4,494,16.5,7
oklahoma,30,22,8,73.3,2185.0,72.8,53.9,112.5,821,1827,44.9,570,762,74.8,247,657,37.6,51.7,56.2,41.7,46.7,23.2,30.1,1.13,2459,82.0,50.6,1127,37.6,31.7,350,11.7,69.5,777,25.9,99,3.3,51.9,426,14.2,1.23,9.4,206,6.9,15.8,345,11.5,5.6,102,3.4,574,19.1,9
oklahoma-state,30,20,10,66.7,2124.0,70.8,54.1,113.9,800,1705,46.9,609,840,72.5,211,574,36.8,53.1,57.5,49.3,48.7,25.2,26.2,1.14,2420,80.7,48.2,1072,35.7,28.6,294,9.8,67.7,778,25.9,66,2.2,51.6,413,13.8,1.29,10.6,226,7.5,15.0,319,10.6,8.6,149,5.0,586,19.5,16
old-dominion,31,15,16,48.4,2010.0,64.8,51.9,98.1,706,1648,42.8,400,661,60.5,160,492,32.5,47.7,50.3,40.1,55.4,20.3,24.3,0.98,1972,63.6,51.5,1103,35.6,33.6,366,11.8,69.4,737,23.8,81,2.6,46.9,331,10.7,0.79,9.6,193,6.2,20.7,417,13.5,8.2,132,4.3,610,19.7,10
mississippi,30,17,13,56.7,2112.0,70.4,53.3,107.3,766,1829,41.9,495,706,70.1,239,684,34.9,48.4,52.3,38.6,46.5,21.8,31.6,1.07,2266,75.5,48.8,1101,36.7,33.5,393,13.1,64.0,708,23.6,116,3.9,49.9,382,12.7,1.1,10.5,222,7.4,16.4,346,11.5,9.7,169,5.6,572,19.1,10
oral-roberts,30,16,14,53.3,1980.0,66.0,54.6,108.5,754,1627,46.3,501,689,72.7,139,391,35.5,50.6,55.0,42.3,57.3,23.3,19.4,1.08,2148,71.6,51.6,1058,35.3,33.1,323,10.8,70.0,735,24.5,111,3.7,48.5,366,12.2,1.06,8.0,158,5.3,17.4,345,11.5,8.2,135,4.5,590,19.7,19
oregon,29,21,8,72.4,2088.0,72.0,54.4,115.1,802,1716,46.7,579,747,77.5,221,574,38.5,53.2,58.0,43.5,48.3,24.1,27.6,1.15,2404,82.9,50.5,1008,34.8,33.1,315,10.9,67.9,693,23.9,88,3.0,53.6,430,14.8,1.28,11.2,233,8.0,16.1,336,11.6,6.1,100,3.4,615,21.2,8
oregon-state,29,15,14,51.7,2006.0,69.2,52.9,108.7,738,1531,48.2,543,777,69.9,162,416,38.9,53.5,57.4,50.8,52.8,24.9,22.3,1.09,2181,75.2,49.2,1001,34.5,30.3,279,9.6,68.0,722,24.9,107,3.7,53.1,392,13.5,1.01,7.1,143,4.9,19.4,390,13.4,7.9,136,4.7,545,18.8,13
pacific,30,15,15,50.0,2023.0,67.4,52.4,107.6,728,1661,43.8,528,685,77.1,192,531,36.2,49.6,54.8,41.2,49.3,24.3,26.5,1.08,2176,72.5,52.2,1041,34.7,32.6,334,11.1,71.8,707,23.6,92,3.1,49.9,363,12.1,0.99,7.5,152,5.1,18.1,367,12.2,3.6,57,1.9,686,22.9,11
penn-state,30,15,15,50.0,2028.0,67.6,52.2,107.0,748,1710,43.7,484,655,73.9,189,591,32.0,49.3,53.7,38.3,51.5,22.3,26.1,1.07,2169,72.3,49.6,1051,35.0,29.5,307,10.2,69.7,744,24.8,87,2.9,46.7,349,11.6,1.12,6.6,134,4.5,15.4,312,10.4,8.5,141,4.7,628,20.9,19
pennsylvania,26,7,19,26.9,1840.0,70.8,48.1,96.6,636,1412,45.0,376,559,67.3,129,402,32.1,49.6,53.0,39.6,57.1,21.2,21.8,0.97,1777,68.3,46.8,872,33.5,28.2,247,9.5,65.3,625,24.0,94,3.6,59.4,378,14.5,0.9,8.4,155,6.0,22.9,422,16.2,6.2,91,3.5,593,22.8,19
pepperdine,30,15,15,50.0,2014.0,67.1,52.3,106.1,749,1645,45.5,451,642,70.2,188,532,35.3,51.2,54.8,39.0,52.5,21.1,26.4,1.06,2137,71.2,49.5,1045,34.8,30.7,304,10.1,68.3,741,24.7,98,3.3,55.8,418,13.9,1.13,7.2,145,4.8,18.4,370,12.3,7.5,131,4.4,565,18.8,10
pittsburgh,30,22,8,73.3,1908.0,63.6,57.5,113.7,741,1613,45.9,534,743,71.9,153,430,35.6,50.7,55.2,46.1,54.2,24.6,21.2,1.14,2169,72.3,54.5,1082,36.1,38.1,368,12.3,70.8,714,23.8,94,3.1,63.6,471,15.7,1.49,10.7,204,6.8,16.6,316,10.5,6.0,94,3.1,517,17.2,7
portland,31,15,16,48.4,2134.0,68.8,53.6,109.0,810,1778,45.6,516,702,73.5,191,485,39.4,50.9,55.1,39.5,53.2,22.2,24.6,1.09,2327,75.1,51.4,1116,36.0,32.1,339,10.9,70.7,777,25.1,86,2.8,58.3,472,15.2,1.29,8.6,184,5.9,17.2,366,11.8,7.4,128,4.1,620,20.0,16
portland-state,28,15,13,53.6,1879.0,67.1,52.3,108.8,714,1521,46.9,441,605,72.9,175,480,36.5,52.7,56.5,39.8,52.7,21.6,25.7,1.09,2044,73.0,48.0,852,30.4,27.6,248,8.9,68.3,604,21.6,94,3.4,52.2,373,13.3,1.17,9.2,172,6.1,17.0,319,11.4,4.1,61,2.2,540,19.3,19
prairie-view-am,29,8,21,27.6,2079.0,69.3,49.2,97.6,702,1698,41.3,422,655,64.4,203,598,33.9,47.3,50.5,38.6,49.2,20.8,30.0,0.98,2029,70.0,47.2,988,34.1,30.5,344,11.9,63.8,644,22.2,119,4.1,44.0,309,10.7,0.72,9.8,204,7.0,20.5,427,14.7,4.0,66,2.3,647,22.3,20
presbyterian,32,6,26,18.8,2133.0,66.7,47.9,98.1,772,1724,44.8,358,529,67.7,190,538,35.3,50.3,53.0,30.7,55.6,17.1,27.2,0.98,2092,65.4,44.8,980,30.6,23.1,244,7.6,66.4,736,23.0,82,2.6,48.2,372,11.6,0.93,6.6,141,4.4,18.7,398,12.4,5.0,96,3.0,494,15.4,11
princeton,26,18,8,69.2,1708.0,65.7,50.0,109.0,617,1377,44.8,378,523,72.3,250,684,36.5,53.9,57.3,38.0,39.4,20.3,40.3,1.09,1862,71.6,50.3,849,32.7,25.7,217,8.3,74.8,632,24.3,62,2.4,61.4,379,14.6,1.3,9.7,165,6.3,17.1,292,11.2,6.9,94,3.6,452,17.4,12
providence,30,20,10,66.7,2025.0,65.3,53.2,108.2,727,1712,42.5,549,698,78.7,189,542,34.9,48.0,53.6,40.8,49.1,25.0,25.9,1.08,2192,73.1,52.8,1103,36.8,35.9,375,12.5,69.7,728,24.3,89,3.0,57.8,420,14.0,1.17,8.4,171,5.7,17.7,359,12.0,9.0,154,5.1,519,17.3,19
purdue,30,15,15,50.0,2086.0,69.5,54.9,104.8,777,1809,43.0,462,694,66.6,170,510,33.3,47.7,51.1,38.4,55.5,21.1,23.3,1.05,2186,72.9,52.8,1174,39.1,36.1,417,13.9,69.5,757,25.2,100,3.3,50.5,392,13.1,1.07,8.2,172,5.7,17.5,365,12.2,9.2,159,5.3,616,20.5,10
quinnipiac,29,19,10,65.5,2070.0,71.4,58.3,110.9,756,1802,42.0,627,873,71.8,157,450,34.9,46.3,51.8,48.4,52.2,27.3,20.5,1.11,2296,79.2,57.8,1334,46.0,43.4,505,17.4,72.2,829,28.6,122,4.2,48.9,370,12.8,1.03,4.9,102,3.5,17.4,360,12.4,7.5,137,4.7,571,19.7,11
radford,33,21,12,63.6,2279.0,69.1,56.5,112.9,915,1916,47.8,543,780,69.6,201,568,35.4,53.0,56.3,40.7,55.5,21.1,23.4,1.13,2574,78.0,50.9,1155,35.0,32.9,374,11.3,68.8,781,23.7,102,3.1,46.8,428,13.0,1.17,10.4,236,7.2,16.0,365,11.1,6.6,123,3.7,624,18.9,10
rhode-island,31,14,17,45.2,2093.0,67.5,51.8,100.7,731,1653,44.2,498,756,65.9,148,462,32.0,48.7,52.4,45.7,55.3,23.6,21.1,1.01,2108,68.0,51.3,1119,36.1,33.1,350,11.3,69.5,769,24.8,107,3.5,51.3,375,12.1,0.86,7.3,152,4.9,20.7,434,14.0,9.2,159,5.1,626,20.2,13
rice,29,7,22,24.1,1918.0,66.1,44.0,93.4,618,1528,40.4,328,497,66.0,227,710,32.0,47.9,50.8,32.5,43.7,18.3,38.0,0.93,1791,61.8,46.1,933,32.2,22.2,224,7.7,70.1,709,24.4,103,3.6,65.2,403,13.9,1.05,7.1,137,4.7,20.1,385,13.3,3.6,56,1.9,549,18.9,11
richmond,30,18,12,60.0,1978.0,65.9,50.1,102.1,691,1633,42.3,447,666,67.1,190,596,31.9,48.1,51.8,40.8,49.6,22.1,28.2,1.02,2019,67.3,46.1,980,32.7,26.4,284,9.5,65.8,696,23.2,78,2.6,45.7,316,10.5,1.01,9.2,181,6.0,15.9,314,10.5,8.0,129,4.3,587,19.6,8
rider,30,14,16,46.7,2080.0,69.3,51.0,106.8,716,1639,43.7,560,765,73.2,229,574,39.9,50.7,55.5,46.7,43.9,25.2,30.9,1.07,2221,74.0,49.8,1008,33.6,31.1,322,10.7,68.5,686,22.9,98,3.3,50.4,361,12.0,0.91,8.8,184,6.1,19.1,397,13.2,5.3,87,2.9,603,20.1,13
robert-morris,32,20,12,62.5,2142.0,66.9,52.6,107.5,794,1812,43.8,476,663,71.8,238,615,38.7,50.4,54.1,36.6,48.3,20.7,31.0,1.07,2302,71.9,49.7,1070,33.4,31.5,350,10.9,67.9,720,22.5,85,2.7,50.8,403,12.6,1.11,10.6,226,7.1,16.9,362,11.3,3.3,58,1.8,595,18.6,14
rutgers,30,11,19,36.7,2077.0,69.2,53.2,104.9,765,1772,43.2,463,657,70.5,185,543,34.1,48.4,52.3,37.1,53.3,21.3,25.5,1.05,2178,72.6,50.4,1063,35.4,33.5,372,12.4,67.2,691,23.0,105,3.5,50.6,387,12.9,1.06,8.5,177,5.9,17.6,365,12.2,7.6,129,4.3,621,20.7,22
sacramento-state,28,13,15,46.4,1798.0,64.2,51.8,106.2,675,1473,45.8,391,542,72.1,169,458,36.9,51.6,55.2,36.8,53.0,20.5,26.5,1.06,1910,68.2,49.1,872,31.1,29.2,254,9.1,69.1,618,22.1,57,2.0,54.7,369,13.2,1.15,8.0,144,5.1,17.9,322,11.5,2.8,40,1.4,599,21.4,19
sacred-heart,31,5,26,16.1,2148.0,69.3,51.4,100.7,758,1836,41.3,449,655,68.5,197,603,32.7,46.7,50.3,35.7,51.9,20.8,27.3,1.01,2162,69.7,49.7,1070,34.5,32.4,379,12.2,67.0,691,22.3,109,3.5,51.2,388,12.5,1.03,7.7,166,5.4,17.6,378,12.2,3.8,65,2.1,618,19.9,17
saint-louis,30,25,5,83.3,2034.0,67.8,51.3,103.6,726,1641,44.2,484,681,71.1,172,534,32.2,49.5,53.7,41.5,52.6,23.0,24.5,1.04,2108,70.3,50.5,1092,36.4,30.0,309,10.3,70.9,783,26.1,106,3.5,59.1,429,14.3,1.14,11.1,225,7.5,18.5,376,12.5,7.5,125,4.2,519,17.3,11
saint-marys,31,21,10,67.7,1973.0,63.6,55.6,113.7,733,1617,45.3,555,776,71.5,222,580,38.3,52.2,56.5,48.0,45.6,24.7,29.7,1.14,2243,72.4,53.4,1057,34.1,36.8,364,11.7,69.9,693,22.4,61,2.0,53.3,391,12.6,1.1,8.9,175,5.6,18.0,355,11.5,6.5,105,3.4,592,19.1,4
sam-houston-state,29,20,9,69.0,2007.0,69.2,55.6,111.4,741,1592,46.5,546,832,65.6,208,530,39.2,53.1,56.3,52.3,47.7,24.4,27.9,1.11,2236,77.1,51.7,1023,35.3,34.9,353,12.2,68.4,670,23.1,73,2.5,61.7,457,15.8,1.21,9.9,199,6.9,18.8,377,13.0,6.1,94,3.2,635,21.9,24
samford,32,13,19,40.6,2185.0,68.3,51.9,104.0,826,1741,47.4,462,678,68.1,159,479,33.2,52.0,55.1,38.9,58.7,20.3,21.0,1.04,2273,71.0,47.2,1023,32.0,27.8,289,9.0,66.5,734,22.9,91,2.8,53.3,440,13.8,1.08,8.3,182,5.7,18.6,406,12.7,5.4,97,3.0,672,21.0,15
san-diego,31,16,15,51.6,1970.0,65.7,51.9,105.5,719,1607,44.7,444,640,69.4,195,516,37.8,50.8,54.4,39.8,50.4,21.4,28.2,1.05,2078,67.0,49.9,1034,33.4,30.7,305,9.8,69.2,729,23.5,104,3.4,47.7,343,11.1,0.93,9.1,180,5.8,18.6,367,11.8,7.2,120,3.9,567,18.3,6
san-diego-state,29,26,3,89.7,1898.0,65.4,57.4,110.1,720,1634,44.1,497,762,65.2,152,418,36.4,48.7,52.3,46.6,54.4,23.8,21.8,1.1,2089,72.0,53.9,1122,38.7,37.3,387,13.3,70.4,735,25.3,106,3.7,41.3,297,10.2,1.0,11.4,217,7.5,15.6,296,10.2,10.2,160,5.5,478,16.5,8
san-francisco,30,20,10,66.7,2023.0,67.4,56.2,111.8,786,1641,47.9,483,748,64.6,205,555,36.9,54.1,56.6,45.6,51.4,21.4,27.2,1.12,2261,75.4,51.8,1064,35.5,33.3,335,11.2,70.3,729,24.3,89,3.0,55.9,439,14.6,1.24,8.1,164,5.5,17.5,354,11.8,4.7,78,2.6,588,19.6,22
san-jose-state,29,7,22,24.1,1920.0,66.2,45.3,95.3,592,1564,37.9,390,539,72.4,256,745,34.4,46.0,50.3,34.5,36.7,21.3,42.0,0.95,1830,63.1,48.8,1028,35.4,28.4,293,10.1,69.2,735,25.3,99,3.4,54.4,322,11.1,0.83,6.7,128,4.4,20.3,390,13.4,5.0,81,2.8,600,20.7,20
santa-clara,32,14,18,43.8,2105.0,65.8,51.8,107.6,760,1797,42.3,504,689,73.1,241,659,36.6,49.0,53.3,38.3,45.8,22.3,31.9,1.08,2265,70.8,48.4,1034,32.3,29.5,336,10.5,67.2,698,21.8,72,2.3,51.3,390,12.2,1.22,9.2,194,6.1,15.2,320,10.0,7.9,134,4.2,640,20.0,8
savannah-state,30,12,18,40.0,1990.0,66.3,48.6,93.5,655,1558,42.0,401,612,65.5,149,476,31.3,46.8,50.3,39.3,54.4,21.6,24.0,0.93,1860,62.0,48.6,997,33.2,32.3,332,11.1,64.8,665,22.2,125,4.2,48.4,317,10.6,0.67,11.0,218,7.3,23.8,473,15.8,9.6,148,4.9,635,21.2,10
seattle,28,13,15,46.4,1943.0,69.4,53.6,103.9,719,1681,42.8,372,570,65.3,208,614,33.9,49.0,51.7,33.9,50.6,18.4,30.9,1.04,2018,72.1,54.5,1082,38.6,38.1,389,13.9,70.9,693,24.8,92,3.3,52.3,376,13.4,0.97,8.9,172,6.1,19.9,387,13.8,5.6,85,3.0,614,21.9,25
seton-hall,30,15,15,50.0,2034.0,67.8,50.2,108.1,723,1576,45.9,523,726,72.0,230,628,36.6,53.2,57.2,46.1,44.8,23.8,31.4,1.08,2199,73.3,49.2,971,32.4,26.8,255,8.5,71.5,716,23.9,77,2.6,56.7,410,13.7,1.11,10.5,213,7.1,18.2,371,12.4,5.3,86,2.9,600,20.0,13
siena,31,15,16,48.4,2137.0,68.9,53.5,101.6,749,1787,41.9,541,753,71.8,133,412,32.3,45.6,50.6,42.1,56.7,24.9,18.4,1.02,2172,70.1,52.0,1185,38.2,39.0,441,14.2,64.9,744,24.0,119,3.8,56.5,423,13.6,0.97,8.6,183,5.9,20.5,438,14.1,8.4,144,4.6,718,23.2,40
siu-edwardsville,31,11,20,35.5,2151.0,69.4,51.5,105.3,806,1715,47.0,429,645,66.5,223,590,37.8,53.5,56.0,37.6,51.5,18.9,29.5,1.05,2264,73.0,48.1,963,31.1,29.0,298,9.6,67.2,665,21.5,86,2.8,54.1,436,14.1,1.02,9.9,212,6.8,19.9,429,13.8,5.5,94,3.0,627,20.2,18
south-alabama,30,10,20,33.3,2028.0,67.6,50.7,101.5,692,1714,40.4,444,646,68.7,230,694,33.1,47.1,50.9,37.7,44.9,21.6,33.5,1.01,2058,68.6,51.1,1113,37.1,32.8,366,12.2,69.4,747,24.9,94,3.1,48.0,332,11.1,0.89,7.2,147,4.9,18.4,373,12.4,6.9,117,3.9,600,20.0,18
south-carolina,30,11,19,36.7,2019.0,67.3,52.5,102.0,683,1634,41.8,529,750,70.5,165,453,36.4,46.8,51.8,45.9,50.3,25.7,24.0,1.02,2060,68.7,51.8,1042,34.7,38.4,400,13.3,65.2,642,21.4,110,3.7,54.2,370,12.3,0.86,9.4,189,6.3,21.2,429,14.3,7.7,118,3.9,688,22.9,18
south-carolina-state,29,9,20,31.0,1966.0,67.8,50.3,93.4,662,1656,40.0,368,562,65.5,144,508,28.3,44.3,47.7,33.9,56.4,20.0,23.5,0.93,1836,63.3,50.5,1054,36.3,35.7,392,13.5,65.2,662,22.8,107,3.7,54.5,361,12.4,0.82,8.2,161,5.6,22.4,440,15.2,6.0,97,3.3,552,19.0,7
south-dakota,29,12,17,41.4,1959.0,67.6,49.2,103.6,695,1574,44.2,454,599,75.8,185,523,35.4,50.0,54.6,38.1,50.3,22.4,27.4,1.04,2029,70.0,49.0,958,33.0,27.3,257,8.9,70.7,701,24.2,80,2.8,53.4,371,12.8,1.03,8.1,158,5.4,18.4,360,12.4,6.6,109,3.8,506,17.4,15
south-dakota-state,29,18,11,62.1,1950.0,67.2,51.9,108.7,702,1563,44.9,525,691,76.0,190,551,34.5,51.0,56.0,44.2,48.3,24.8,26.9,1.09,2119,73.1,53.9,1022,35.2,29.9,284,9.8,77.8,738,25.4,78,2.7,54.4,382,13.2,1.13,8.1,158,5.4,17.3,338,11.7,6.0,94,3.2,517,17.8,16
south-florida,30,12,18,40.0,2003.0,66.8,51.6,98.2,701,1611,43.5,472,706,66.9,93,362,25.7,46.4,50.5,43.8,61.8,24.0,14.2,0.98,1967,65.6,50.0,1058,35.3,32.1,333,11.1,67.9,725,24.2,94,3.1,53.4,374,12.5,0.96,8.3,166,5.5,19.5,391,13.0,6.6,114,3.8,529,17.6,7
southeast-missouri-state,32,18,14,56.3,2327.0,72.7,56.4,114.1,961,1924,49.9,514,743,69.2,218,607,35.9,55.6,58.3,38.6,56.0,19.4,24.6,1.14,2654,82.9,52.3,1191,37.2,33.0,360,11.3,71.5,831,26.0,95,3.0,55.5,533,16.7,1.27,9.8,228,7.1,18.0,419,13.1,7.2,136,4.3,641,20.0,18
southeastern-louisiana,28,11,17,39.3,1882.0,67.2,49.3,103.6,671,1512,44.4,413,597,69.2,195,532,36.7,50.8,54.3,39.5,48.8,21.2,30.0,1.04,1950,69.6,46.6,893,31.9,25.8,241,8.6,67.4,652,23.3,83,3.0,49.9,335,12.0,0.99,6.7,126,4.5,17.9,337,12.0,7.4,115,4.1,554,19.8,14
southern-illinois,32,14,18,43.8,2048.0,64.0,54.3,104.9,762,1668,45.7,480,712,67.4,145,437,33.2,50.0,53.6,42.7,57.4,22.3,20.2,1.05,2149,67.2,51.5,1068,33.4,34.5,360,11.3,68.5,708,22.1,105,3.3,42.4,323,10.1,0.81,11.5,235,7.3,19.4,398,12.4,4.2,69,2.2,615,19.2,12
southern-methodist,30,23,7,76.7,1994.0,66.5,55.3,108.4,771,1564,49.3,485,710,68.3,135,364,37.1,53.6,56.9,45.4,58.8,22.4,18.7,1.08,2162,72.1,52.2,1096,36.5,34.9,322,10.7,69.5,774,25.8,84,2.8,59.4,458,15.3,1.11,11.1,222,7.4,20.6,411,13.7,8.8,141,4.7,587,19.6,10
southern-miss,31,26,5,83.9,2031.0,65.5,56.4,110.9,746,1604,46.5,591,859,68.8,169,478,35.4,51.8,56.0,53.6,51.2,26.2,22.5,1.11,2252,72.6,54.8,1100,35.5,39.1,390,12.6,70.4,710,22.9,101,3.3,59.5,444,14.3,1.08,13.0,264,8.5,20.2,411,13.3,4.4,66,2.1,639,20.6,15
southern-university,30,19,11,63.3,2064.0,68.8,53.8,105.0,779,1699,45.9,427,681,62.7,183,524,34.9,51.2,53.6,40.1,55.0,19.7,25.3,1.05,2168,72.3,52.1,1162,38.7,33.6,352,11.7,70.6,810,27.0,123,4.1,51.3,400,13.3,0.99,9.0,185,6.2,19.6,405,13.5,9.3,149,5.0,643,21.4,14
southern-utah,28,2,26,7.1,1831.0,65.4,44.4,90.6,574,1418,40.5,382,554,69.0,128,389,32.9,45.0,49.3,39.1,53.8,23.0,23.2,0.91,1658,59.2,45.0,802,28.6,24.1,226,8.1,65.8,576,20.6,75,2.7,53.1,305,10.9,0.79,6.8,124,4.4,21.0,385,13.8,6.1,87,3.1,661,23.6,23
st-bonaventure,29,16,13,55.2,1988.0,68.6,55.6,108.3,758,1655,45.8,499,699,71.4,138,427,32.3,50.0,54.2,42.2,57.6,23.2,19.2,1.08,2153,74.2,52.5,1035,35.7,36.8,370,12.8,68.2,665,22.9,103,3.6,52.8,400,13.8,1.07,10.0,199,6.9,18.8,373,12.9,8.2,126,4.3,594,20.5,13
st-francis-ny,32,18,14,56.3,2167.0,67.7,52.1,101.8,781,1813,43.1,450,659,68.3,195,619,31.5,48.5,51.9,36.3,53.1,20.4,26.5,1.02,2207,69.0,52.3,1189,37.2,33.6,383,12.0,70.9,806,25.2,107,3.3,51.1,399,12.5,0.95,8.4,181,5.7,19.4,421,13.2,9.7,170,5.3,639,20.0,11
st-francis-pa,30,10,20,33.3,1900.0,63.3,48.3,97.8,658,1601,41.1,331,520,63.7,212,661,32.1,47.7,50.3,32.5,48.0,17.8,34.2,0.98,1859,62.0,46.8,905,30.2,25.8,270,9.0,67.7,635,21.2,96,3.2,53.6,353,11.8,1.1,8.9,169,5.6,16.9,321,10.7,5.0,82,2.7,464,15.5,4
st-johns,30,19,11,63.3,2032.0,67.7,53.8,106.3,776,1735,44.7,472,661,71.4,136,403,33.7,48.6,52.7,38.1,59.3,21.9,18.9,1.06,2160,72.0,50.1,1089,36.3,31.4,333,11.1,68.7,756,25.2,101,3.4,49.6,385,12.8,1.18,9.7,198,6.6,16.0,325,10.8,13.9,233,7.8,553,18.4,16
st-josephs-pa,29,21,8,72.4,1920.0,66.2,53.1,108.7,723,1529,47.3,426,658,64.7,215,559,38.5,54.3,56.7,43.0,48.7,20.4,30.9,1.09,2087,72.0,50.9,1026,35.4,30.1,281,9.7,71.7,745,25.7,81,2.8,56.7,410,14.1,1.14,7.1,137,4.7,18.8,361,12.4,8.3,138,4.8,456,15.7,11
st-peters,30,14,16,46.7,1923.0,64.1,49.9,99.0,639,1575,40.6,465,662,70.2,160,509,31.4,45.7,50.4,42.0,50.3,24.4,25.2,0.99,1903,63.4,49.9,1026,34.2,31.1,323,10.8,68.6,703,23.4,94,3.1,46.2,295,9.8,0.83,9.9,191,6.4,18.4,354,11.8,8.2,132,4.4,539,18.0,9
stanford,29,18,11,62.1,1978.0,68.2,53.1,108.8,738,1603,46.0,505,721,70.0,172,459,37.5,51.4,55.3,45.0,52.6,23.5,24.0,1.09,2153,74.2,50.6,1038,35.8,29.3,285,9.8,71.9,753,26.0,97,3.3,47.6,351,12.1,1.09,7.4,147,5.1,16.3,323,11.1,8.0,132,4.6,532,18.3,17
stephen-f-austin,30,28,2,93.3,1982.0,66.1,57.8,115.3,795,1714,46.4,487,691,70.5,209,601,34.8,52.5,56.0,40.3,51.3,21.3,27.4,1.15,2286,76.2,54.8,1009,33.6,38.5,390,13.0,71.1,619,20.6,76,2.5,62.0,493,16.4,1.47,11.6,229,7.6,16.9,335,11.2,6.8,93,3.1,639,21.3,7
stetson,31,7,24,22.6,1999.0,64.5,48.6,95.8,683,1628,42.0,391,590,66.3,159,541,29.4,46.8,50.2,36.2,54.7,20.4,24.9,0.96,1916,61.8,45.7,926,29.9,27.8,294,9.5,63.5,632,20.4,89,2.9,54.2,370,11.9,0.97,8.7,174,5.6,19.2,383,12.4,6.9,116,3.7,529,17.1,7
stony-brook,30,21,9,70.0,2009.0,67.0,54.0,107.6,764,1678,45.5,468,652,71.8,166,458,36.2,50.5,54.4,38.9,55.3,21.6,23.0,1.08,2162,72.1,54.0,1101,36.7,34.0,342,11.4,74.0,759,25.3,92,3.1,51.3,392,13.1,1.06,8.7,175,5.8,18.4,370,12.3,5.5,87,2.9,566,18.9,13
syracuse,30,26,4,86.7,1825.0,60.8,58.2,112.0,723,1647,43.9,447,640,69.8,151,446,33.9,48.5,52.4,38.9,56.0,21.9,22.2,1.12,2044,68.1,52.8,1049,35.0,37.7,390,13.0,67.9,659,22.0,94,3.1,50.2,363,12.1,1.36,13.3,242,8.1,14.6,266,8.9,10.0,147,4.9,476,15.9,8
texas-christian,29,9,20,31.0,1929.0,66.5,45.8,95.3,605,1506,40.2,494,677,73.0,134,418,32.1,44.6,50.3,45.0,51.3,26.9,21.9,0.95,1838,63.4,43.3,876,30.2,24.2,240,8.3,62.3,636,21.9,77,2.7,54.7,331,11.4,0.97,8.6,166,5.7,17.6,340,11.7,5.8,96,3.3,510,17.6,14
temple,29,8,21,27.6,2010.0,69.3,53.5,106.2,769,1802,42.7,408,572,71.3,189,565,33.5,47.9,51.5,31.7,54.3,19.1,26.6,1.06,2135,73.6,49.3,1020,35.2,32.2,357,12.3,66.4,663,22.9,111,3.8,50.1,385,13.3,1.28,8.3,167,5.8,15.0,301,10.4,5.7,98,3.4,537,18.5,7
tennessee,30,19,11,63.3,1905.0,63.5,58.6,114.1,747,1672,44.7,502,704,71.3,178,518,34.4,50.0,54.2,42.1,52.3,23.1,24.6,1.14,2174,72.5,56.1,1169,39.0,40.3,419,14.0,71.9,750,25.0,85,2.8,51.1,382,12.7,1.2,8.2,157,5.2,16.7,318,10.6,9.2,148,4.9,516,17.2,10
tennessee-state,30,5,25,16.7,2013.0,67.1,52.1,102.4,707,1647,42.9,500,714,70.0,147,502,29.3,47.4,51.9,43.4,54.3,24.3,21.4,1.02,2061,68.7,50.1,1007,33.6,32.6,344,11.5,67.5,663,22.1,84,2.8,44.4,314,10.5,0.85,8.1,163,5.4,18.4,371,12.4,5.2,84,2.8,641,21.4,20
tennessee-tech,33,17,16,51.5,2277.0,71.2,53.5,104.4,822,1810,45.4,547,808,67.7,185,565,32.7,50.5,54.2,44.6,53.6,23.0,23.3,1.04,2378,72.1,52.5,1171,35.5,36.4,412,12.5,68.6,759,23.0,110,3.3,49.6,408,12.4,0.82,10.8,245,7.4,21.9,498,15.1,8.9,154,4.7,729,22.1,17
tennessee-martin,31,8,23,25.8,2207.0,73.6,51.2,104.4,792,1870,42.4,502,692,72.5,218,636,34.3,48.2,52.4,37.0,49.8,21.8,28.4,1.04,2304,74.3,48.8,982,31.7,29.7,350,11.3,67.8,632,20.4,87,2.8,53.8,426,13.7,1.18,10.6,234,7.5,16.4,361,11.6,4.9,82,2.6,654,21.1,12
texas,30,22,8,73.3,2117.0,70.6,56.4,106.7,778,1795,43.3,549,818,67.1,153,472,32.4,47.6,51.7,45.6,55.4,24.3,20.3,1.07,2258,75.3,55.1,1259,42.0,39.1,447,14.9,71.0,812,27.1,96,3.2,48.3,376,12.5,0.99,8.3,176,5.9,17.9,378,12.6,10.4,183,6.1,578,19.3,10
texas-am,30,17,13,56.7,1956.0,65.2,49.9,99.1,686,1600,42.9,397,625,63.5,169,531,31.8,48.2,51.1,39.1,53.4,20.5,26.2,0.99,1938,64.6,47.9,1018,33.9,27.2,281,9.4,68.6,737,24.6,90,3.0,55.8,383,12.8,1.13,10.0,196,6.5,17.3,338,11.3,7.4,119,4.0,529,17.6,11
texas-am-corpus-christi,30,16,14,53.3,1948.0,64.9,55.5,107.1,739,1580,46.8,482,721,66.9,127,356,35.7,50.8,54.3,45.6,58.6,23.1,18.3,1.07,2087,69.6,51.8,1030,34.3,35.3,343,11.4,68.3,687,22.9,102,3.4,49.8,368,12.3,1.0,10.5,205,6.8,18.9,369,12.3,5.8,90,3.0,608,20.3,13
texas-southern,29,15,14,51.7,2016.0,69.5,54.0,110.0,738,1597,46.2,555,772,71.9,187,520,36.0,52.1,56.5,48.3,49.7,25.0,25.3,1.1,2218,76.5,51.5,1058,36.5,34.1,334,11.5,68.8,724,25.0,122,4.2,56.6,418,14.4,1.07,6.9,139,4.8,19.3,389,13.4,5.7,101,3.5,458,15.8,19
texas-state,30,8,22,26.7,1912.0,63.7,50.0,96.9,680,1556,43.7,353,533,66.2,140,456,30.7,48.2,51.2,34.3,58.3,19.1,22.7,0.97,1853,61.8,52.0,978,32.6,31.4,304,10.1,72.6,674,22.5,91,3.0,49.1,334,11.1,0.81,9.3,178,5.9,21.5,412,13.7,5.6,83,2.8,543,18.1,8
texas-tech,30,13,17,43.3,1923.0,64.1,55.0,107.6,738,1616,45.7,456,625,73.0,137,433,31.6,49.9,54.1,38.7,58.1,22.0,19.9,1.08,2069,69.0,52.4,984,32.8,37.1,348,11.6,67.7,636,21.2,85,2.8,47.4,350,11.7,0.98,9.6,184,6.1,18.6,357,11.9,7.2,113,3.8,567,18.9,5
texas-arlington,29,14,15,48.3,2087.0,72.0,52.0,106.3,746,1695,44.0,491,705,69.6,234,677,34.6,50.9,54.6,41.6,46.2,22.1,31.7,1.06,2218,76.5,50.8,1077,37.1,32.5,345,11.9,69.0,732,25.2,104,3.6,47.5,354,12.2,0.88,7.5,156,5.4,19.3,403,13.9,6.2,106,3.7,568,19.6,11
texas-el-paso,31,22,9,71.0,2041.0,65.8,52.9,105.7,731,1558,46.9,558,814,68.6,138,405,34.1,51.3,55.5,52.2,55.0,25.9,19.2,1.06,2158,69.6,49.6,1131,36.5,31.9,314,10.1,67.2,817,26.4,93,3.0,58.1,425,13.7,1.02,7.7,158,5.1,20.5,418,13.5,7.2,126,4.1,574,18.5,16
texas-pan-american,30,9,21,30.0,2043.0,68.1,49.7,95.9,703,1715,41.0,412,618,66.7,142,520,27.3,45.1,48.8,36.0,57.2,21.0,21.7,0.96,1960,65.3,47.9,1007,33.6,30.0,336,11.2,65.7,671,22.4,118,3.9,53.3,375,12.5,1.0,10.3,211,7.0,18.3,374,12.5,4.5,72,2.4,620,20.7,17
texas-san-antonio,29,8,21,27.6,1987.0,68.5,50.1,100.2,629,1493,42.1,563,814,69.2,169,521,32.4,47.8,52.9,54.5,46.2,28.3,25.5,1.0,1990,68.6,51.0,1007,34.7,34.7,348,12.0,67.2,659,22.7,98,3.4,48.5,305,10.5,0.67,8.9,177,6.1,23.0,457,15.8,3.3,54,1.9,594,20.5,17
toledo,30,25,5,83.3,2093.0,69.8,58.1,115.7,830,1757,47.2,597,817,73.1,165,475,34.7,51.9,56.5,46.5,54.9,24.6,20.4,1.16,2422,80.7,52.4,1083,36.1,36.2,377,12.6,68.6,706,23.5,106,3.5,54.2,450,15.0,1.4,9.8,206,6.9,15.3,321,10.7,4.8,82,2.7,523,17.4,16
towson,31,22,9,71.0,2034.0,65.6,56.0,111.3,745,1652,45.1,594,854,69.6,179,518,34.6,50.5,55.0,51.7,50.0,26.2,23.7,1.11,2263,73.0,52.8,1226,39.5,36.8,381,12.3,68.7,845,27.3,89,2.9,42.4,316,10.2,0.89,6.0,123,4.0,17.6,357,11.5,8.5,155,5.0,622,20.1,17
troy,29,10,19,34.5,1944.0,67.0,51.4,102.3,656,1567,41.9,469,709,66.1,207,605,34.2,48.5,52.2,45.2,45.2,23.6,31.2,1.02,1988,68.6,50.1,1021,35.2,32.8,342,11.8,67.3,679,23.4,66,2.3,49.2,323,11.1,0.86,8.9,173,6.0,19.3,376,13.0,4.1,69,2.4,462,15.9,11
tulane,31,16,15,51.6,1979.0,63.8,49.9,100.8,635,1537,41.3,542,776,69.8,182,526,34.6,47.2,52.3,50.5,45.4,27.2,27.4,1.01,1994,64.3,49.4,1043,33.6,31.7,329,10.6,67.1,714,23.0,108,3.5,45.2,287,9.3,0.73,7.4,147,4.7,19.9,393,12.7,5.5,93,3.0,578,18.6,9
tulsa,30,18,12,60.0,2086.0,69.5,52.5,105.3,743,1686,44.1,533,788,67.6,178,547,32.5,49.3,53.3,46.7,51.4,24.3,24.3,1.05,2197,73.2,50.4,1089,36.3,30.3,326,10.9,70.5,763,25.4,109,3.6,53.2,395,13.2,1.13,10.0,209,7.0,16.7,349,11.6,7.3,118,3.9,651,21.7,22
uab,30,18,12,60.0,2107.0,70.2,56.5,104.2,774,1860,41.6,499,748,66.7,149,499,29.9,45.6,49.6,40.2,56.9,22.7,20.4,1.04,2196,73.2,55.4,1345,44.8,40.5,497,16.6,70.3,848,28.3,139,4.6,49.2,381,12.7,0.98,7.7,163,5.4,18.5,390,13.0,6.7,125,4.2,521,17.4,11
california-davis,30,9,21,30.0,2055.0,68.5,48.5,103.6,731,1648,44.4,425,611,69.6,241,668,36.1,51.7,54.9,37.1,46.1,20.0,34.0,1.04,2128,70.9,45.0,861,28.7,24.3,245,8.2,65.7,616,20.5,70,2.3,49.9,365,12.2,1.0,7.5,155,5.2,17.7,364,12.1,4.1,70,2.3,590,19.7,17
california-irvine,31,21,10,67.7,2081.0,67.1,54.1,106.6,816,1719,47.5,410,647,63.4,177,499,35.5,52.6,54.8,37.6,57.6,18.5,23.9,1.07,2219,71.6,50.9,1190,38.4,31.1,327,10.5,70.7,863,27.8,100,3.2,60.2,491,15.8,1.25,8.5,176,5.7,18.8,392,12.6,10.8,193,6.2,576,18.6,11
california-riverside,29,10,19,34.5,1996.0,68.8,50.4,100.6,700,1596,43.9,480,683,70.3,127,422,30.1,47.8,52.3,42.8,57.1,23.9,19.0,1.01,2007,69.2,49.6,987,34.0,29.6,297,10.2,69.6,690,23.8,87,3.0,47.6,333,11.5,0.87,9.5,189,6.5,19.1,382,13.2,8.1,130,4.5,562,19.4,14
california-santa-barbara,28,20,8,71.4,1805.0,64.5,54.7,112.4,690,1480,46.6,453,634,71.5,195,511,38.2,53.2,56.9,42.8,48.8,22.3,28.8,1.12,2028,72.4,50.7,997,35.6,32.7,291,10.4,68.7,706,25.2,80,2.9,64.8,447,16.0,1.43,8.0,145,5.2,17.3,313,11.2,8.5,131,4.7,530,18.9,9
central-florida,29,12,17,41.4,1992.0,68.7,55.2,105.5,750,1704,44.0,399,649,61.5,202,598,33.8,49.9,52.2,38.1,52.2,19.0,28.8,1.05,2101,72.4,52.6,1103,38.0,37.7,410,14.1,67.4,693,23.9,123,4.2,49.6,372,12.8,0.94,10.0,200,6.9,19.9,397,13.7,7.0,118,4.1,520,17.9,10
ucla,30,23,7,76.7,2140.0,71.3,56.4,116.2,885,1805,49.0,519,690,75.2,197,491,40.1,54.5,58.3,38.2,55.3,20.9,23.8,1.16,2486,82.9,51.1,1068,35.6,30.8,310,10.3,71.3,758,25.3,74,2.5,59.3,525,17.5,1.68,13.6,291,9.7,14.6,313,10.4,5.3,90,3.0,532,17.7,10
illinois-chicago,31,6,25,19.4,2063.0,66.5,50.4,100.4,714,1696,42.1,471,660,71.4,172,525,32.8,47.2,51.5,38.9,52.3,22.7,24.9,1.0,2071,66.8,51.3,1054,34.0,30.8,336,10.8,71.8,718,23.2,121,3.9,48.5,346,11.2,0.89,8.3,171,5.5,18.8,388,12.5,3.4,55,1.8,672,21.7,18
umass-lowell,28,10,18,35.7,1815.0,64.8,45.9,94.7,570,1447,39.4,386,548,70.4,192,588,32.7,46.0,50.3,37.9,44.0,22.5,33.5,0.95,1718,61.4,46.3,880,31.4,28.2,268,9.6,64.4,612,21.9,50,1.8,58.8,335,12.0,0.89,9.1,166,5.9,20.8,378,13.5,4.7,73,2.6,517,18.5,14
unlv,30,19,11,63.3,2021.0,67.4,55.2,106.9,764,1734,44.1,460,701,65.6,173,535,32.3,49.0,52.3,40.4,54.7,21.3,24.0,1.07,2161,72.0,51.6,1204,40.1,34.4,379,12.6,68.8,825,27.5,99,3.3,52.4,400,13.3,1.19,7.5,151,5.0,16.6,335,11.2,10.7,199,6.6,472,15.7,2
southern-california,30,11,19,36.7,2143.0,71.4,50.9,99.3,754,1707,44.2,483,725,66.6,136,467,29.1,48.2,51.8,42.5,58.1,22.7,19.2,0.99,2127,70.9,49.6,1119,37.3,31.1,332,11.1,68.1,787,26.2,73,2.4,51.3,387,12.9,0.91,7.7,165,5.5,19.8,425,14.2,7.2,132,4.4,588,19.6,9
usc-upstate,33,19,14,57.6,2243.0,68.0,55.5,108.4,866,1915,45.2,493,731,67.4,207,653,31.7,50.6,53.8,38.2,54.2,20.3,25.5,1.08,2432,73.7,52.7,1261,38.2,35.7,418,12.7,69.7,843,25.5,85,2.6,59.0,511,15.5,1.28,9.9,223,6.8,17.8,399,12.1,6.3,117,3.5,602,18.2,7
utah,29,20,9,69.0,1979.0,68.2,54.9,113.9,793,1600,49.6,484,657,73.7,185,528,35.0,55.3,59.0,41.1,53.9,21.5,24.6,1.14,2255,77.8,51.5,1046,36.1,29.8,268,9.2,73.1,778,26.8,83,2.9,57.9,459,15.8,1.37,10.2,201,6.9,16.9,334,11.5,8.7,142,4.9,485,16.7,7
utah-state,30,17,13,56.7,1900.0,63.3,54.7,110.7,746,1631,45.7,403,547,73.7,208,511,40.7,52.1,55.6,33.5,51.2,19.2,29.7,1.11,2103,70.1,54.1,1102,36.7,33.9,327,10.9,74.2,775,25.8,48,1.6,65.7,490,16.3,1.48,5.4,103,3.4,17.4,330,11.0,6.8,113,3.8,534,17.8,7
utah-valley-state,29,19,10,65.5,1859.0,64.1,50.2,104.6,649,1518,42.8,459,606,75.7,188,548,34.3,48.9,53.9,39.9,47.4,23.6,29.0,1.05,1945,67.1,49.8,990,34.1,29.2,275,9.5,70.4,715,24.7,79,2.7,62.1,403,13.9,1.24,8.0,148,5.1,17.4,324,11.2,5.3,84,2.9,489,16.9,5
valparaiso,33,18,15,54.5,2226.0,67.5,51.1,107.1,792,1684,47.0,571,777,73.5,228,609,37.4,53.8,58.0,46.1,47.3,24.0,28.7,1.07,2383,72.2,51.1,1190,36.1,32.6,324,9.8,69.6,866,26.2,107,3.2,53.9,427,12.9,0.85,8.3,185,5.6,22.5,500,15.2,9.1,169,5.1,695,21.1,25
vanderbilt,29,15,14,51.7,1878.0,64.8,49.6,99.7,644,1492,43.2,409,626,65.3,175,550,31.8,49.0,52.3,42.0,50.1,21.8,28.0,1.0,1872,64.6,47.7,1006,34.7,30.1,287,9.9,65.2,719,24.8,88,3.0,58.2,375,12.9,0.98,7.5,140,4.8,20.4,384,13.2,8.1,135,4.7,500,17.2,9
vermont,30,21,9,70.0,1941.0,64.7,53.7,110.4,717,1521,47.1,535,730,73.3,174,436,39.9,52.9,57.4,48.0,50.7,25.0,24.4,1.1,2143,71.4,52.8,1043,34.8,32.8,295,9.8,72.8,748,24.9,87,2.9,54.7,392,13.1,1.07,10.8,210,7.0,18.8,365,12.2,8.5,132,4.4,560,18.7,15
villanova,30,27,3,90.0,2070.0,69.0,54.5,114.6,775,1683,46.0,545,755,72.2,278,767,36.2,54.3,58.1,44.9,41.9,23.0,35.1,1.15,2373,79.1,52.0,1118,37.3,33.6,341,11.4,70.4,777,25.9,91,3.0,61.4,476,15.9,1.31,9.6,199,6.6,17.5,363,12.1,7.4,124,4.1,596,19.9,14
virginia,30,25,5,83.3,1827.0,60.9,55.6,108.7,697,1536,45.4,425,645,65.9,167,448,37.3,50.8,53.9,42.0,53.4,21.4,25.2,1.09,1986,66.2,54.6,1082,36.1,34.9,329,11.0,74.3,753,25.1,86,2.9,57.7,402,13.4,1.3,9.1,167,5.6,16.9,309,10.3,7.7,116,3.9,480,16.0,1
virginia-commonwealth,30,23,7,76.7,2153.0,71.8,53.8,104.8,787,1888,41.7,462,686,67.3,221,636,34.7,47.5,51.0,36.3,50.2,20.5,29.4,1.05,2257,75.2,51.8,1133,37.8,35.0,428,14.3,68.5,705,23.5,76,2.5,49.9,393,13.1,1.06,15.8,340,11.3,17.3,372,12.4,8.0,128,4.3,591,19.7,5
virginia-military-institute,30,19,11,63.3,2338.0,77.9,56.8,113.6,945,2126,44.4,493,702,70.2,273,842,32.4,50.9,54.0,33.0,50.6,18.6,30.8,1.14,2656,88.5,49.8,1273,42.4,34.5,444,14.8,65.1,829,27.6,125,4.2,44.2,418,13.9,1.31,9.6,224,7.5,13.6,319,10.6,9.7,200,6.7,563,18.8,10
virginia-tech,29,9,20,31.0,1885.0,65.0,49.4,97.9,627,1541,40.7,391,599,65.3,201,554,36.3,47.2,50.6,38.9,46.2,21.2,32.7,0.98,1846,63.7,51.4,1087,37.5,32.2,321,11.1,70.5,766,26.4,92,3.2,50.9,319,11.0,0.84,5.2,98,3.4,20.1,378,13.0,8.2,139,4.8,498,17.2,10
wagner,30,19,11,63.3,2107.0,70.2,52.3,101.8,750,1788,41.9,480,659,72.8,165,492,33.5,46.6,51.0,36.9,54.5,22.4,23.1,1.02,2145,71.5,51.4,1188,39.6,34.2,387,12.9,68.6,801,26.7,117,3.9,46.3,347,11.6,0.9,8.9,188,6.3,18.3,386,12.9,11.1,191,6.4,615,20.5,17
wake-forest,30,16,14,53.3,2045.0,68.2,52.3,103.1,719,1597,45.0,523,809,64.6,147,460,32.0,49.6,53.2,50.7,54.3,24.8,20.9,1.03,2108,70.3,48.6,1061,35.4,30.5,312,10.4,66.7,749,25.0,91,3.0,56.2,404,13.5,1.08,8.2,168,5.6,18.2,373,12.4,7.2,126,4.2,584,19.5,9
washington,30,16,14,53.3,2076.0,69.2,53.3,107.9,790,1753,45.1,483,641,75.4,178,515,34.6,50.1,54.5,36.6,54.6,21.6,23.8,1.08,2241,74.7,51.8,1036,34.5,32.1,329,11.0,71.4,707,23.6,100,3.3,51.3,405,13.5,1.17,7.7,160,5.3,16.6,345,11.5,5.0,85,2.8,579,19.3,14
washington-state,29,9,20,31.0,1842.0,63.5,48.1,97.6,612,1523,40.2,355,545,65.1,219,666,32.9,47.4,50.5,35.8,43.7,19.7,36.5,0.98,1798,62.0,50.3,946,32.6,28.2,283,9.8,72.3,663,22.9,93,3.2,49.3,302,10.4,0.9,8.2,151,5.2,18.3,337,11.6,5.7,84,2.9,529,18.2,6
weber-state,27,16,11,59.3,1769.0,65.5,51.8,110.7,635,1328,47.8,502,689,72.9,187,486,38.5,54.9,59.2,51.9,45.7,25.6,28.6,1.11,1959,72.6,50.5,933,34.6,28.6,228,8.4,72.3,705,26.1,50,1.9,55.3,351,13.0,1.04,6.4,114,4.2,19.1,338,12.5,7.1,110,4.1,487,18.0,5
west-virginia,31,17,14,54.8,2150.0,69.4,55.3,113.1,824,1858,44.3,538,742,72.5,246,637,38.6,51.0,55.0,39.9,47.5,22.1,30.3,1.13,2432,78.5,50.0,1113,35.9,32.5,369,11.9,67.5,744,24.0,86,2.8,49.5,408,13.2,1.36,9.1,195,6.3,13.9,299,9.6,5.3,95,3.1,635,20.5,26
western-carolina,31,17,14,54.8,2158.0,69.6,53.7,106.9,791,1860,42.5,489,686,71.3,235,656,35.8,48.8,52.7,36.9,48.2,21.2,30.6,1.07,2306,74.4,51.8,1113,35.9,35.5,414,13.4,68.0,699,22.5,118,3.8,49.3,390,12.6,1.01,10.8,232,7.5,17.8,385,12.4,9.2,150,4.8,693,22.4,15
western-illinois,29,10,19,34.5,1826.0,63.0,48.8,97.9,648,1416,45.8,353,529,66.7,139,405,34.3,50.7,53.6,37.4,56.9,19.7,23.3,0.98,1788,61.7,49.4,889,30.7,26.5,230,7.9,72.3,659,22.7,63,2.2,56.5,366,12.6,0.95,9.4,171,5.9,21.1,385,13.3,5.8,83,2.9,529,18.2,21
western-kentucky,30,20,10,66.7,2022.0,67.4,51.7,102.3,687,1662,41.3,470,711,66.1,223,660,33.8,48.0,51.7,42.8,44.9,22.7,32.3,1.02,2069,69.0,53.5,1106,36.9,34.9,382,12.7,72.0,724,24.1,104,3.5,49.5,340,11.3,0.84,7.6,153,5.1,20.1,406,13.5,4.8,76,2.5,566,18.9,13
western-michigan,30,21,9,70.0,2029.0,67.6,51.2,106.4,706,1520,46.4,569,789,72.1,177,536,33.0,52.3,56.9,51.9,49.0,26.4,24.6,1.06,2158,71.9,50.0,1037,34.6,31.6,292,9.7,68.4,745,24.8,94,3.1,48.9,345,11.5,0.8,8.9,181,6.0,21.2,431,14.4,6.0,102,3.4,550,18.3,6
wichita-state,32,32,0,100.0,2086.0,65.2,56.7,115.8,794,1733,45.8,612,837,73.1,216,631,34.2,52.0,56.7,48.3,47.8,25.3,26.8,1.16,2416,75.5,54.9,1236,38.6,35.6,380,11.9,74.1,856,26.8,120,3.8,54.9,436,13.6,1.29,10.7,224,7.0,16.2,338,10.6,10.0,170,5.3,546,17.1,3
william-mary,29,18,11,62.1,1889.0,65.1,51.9,112.3,718,1521,47.2,430,613,70.1,255,647,39.4,55.6,58.5,40.3,43.7,20.3,36.1,1.12,2121,73.1,47.4,901,31.1,24.8,228,7.9,70.0,673,23.2,69,2.4,57.4,412,14.2,1.37,8.7,164,5.7,15.9,301,10.4,5.3,87,3.0,472,16.3,5
winthrop,31,19,12,61.3,2138.0,69.0,51.1,107.6,773,1734,44.6,497,694,71.6,258,649,39.8,52.0,55.8,40.0,44.8,21.6,33.6,1.08,2301,74.2,49.4,1015,32.7,29.5,315,10.2,69.3,700,22.6,107,3.5,46.8,362,11.7,0.92,9.4,201,6.5,18.4,394,12.7,5.2,86,2.8,611,19.7,14
wisconsin,30,25,5,83.3,1913.0,63.8,54.0,115.1,723,1584,45.6,525,697,75.3,230,624,36.9,52.9,57.5,44.0,44.8,23.9,31.3,1.15,2201,73.4,49.9,992,33.1,28.0,263,8.8,71.8,729,24.3,70,2.3,49.4,357,11.9,1.48,8.1,155,5.2,12.7,242,8.1,5.9,101,3.4,441,14.7,2
wofford,29,17,12,58.6,1863.0,64.2,53.7,105.7,717,1595,45.0,364,538,67.7,172,469,36.7,50.3,53.2,33.7,55.3,18.5,26.2,1.06,1970,67.9,52.2,966,33.3,32.0,315,10.9,72.3,651,22.4,78,2.7,52.9,379,13.1,1.16,10.3,192,6.6,17.5,326,11.2,3.2,46,1.6,514,17.7,7
wright-state,32,19,13,59.4,2123.0,68.5,47.4,101.8,727,1604,45.3,513,695,73.8,194,545,35.6,51.4,55.9,43.3,49.3,23.7,26.9,1.02,2161,67.5,47.9,945,29.5,24.8,239,7.5,70.9,706,22.1,63,2.0,58.9,428,13.4,0.99,11.1,236,7.4,20.3,432,13.5,6.0,94,2.9,635,19.8,24
wyoming,30,17,13,56.7,1835.0,61.2,47.9,105.6,656,1374,47.7,457,637,71.7,168,470,35.7,53.9,57.8,46.4,50.4,23.6,26.0,1.06,1937,64.6,44.2,863,28.8,18.7,152,5.1,69.6,711,23.7,69,2.3,56.9,373,12.4,1.19,7.7,141,4.7,17.1,313,10.4,6.9,111,3.7,496,16.5,12
xavier,31,20,11,64.5,2064.0,66.6,54.7,108.4,790,1681,47.0,494,719,68.7,163,455,35.8,51.8,55.3,42.8,56.1,22.1,21.9,1.08,2237,72.2,52.8,1129,36.4,34.2,346,11.2,71.4,783,25.3,92,3.0,59.0,466,15.0,1.18,9.0,185,6.0,19.1,394,12.7,5.6,95,3.1,617,19.9,11
yale,27,15,12,55.6,1761.0,65.2,51.7,102.4,580,1385,41.9,508,731,69.5,136,426,31.9,46.8,52.1,52.8,49.2,28.2,22.6,1.02,1804,66.8,53.8,948,35.1,34.8,318,11.8,72.7,630,23.3,84,3.1,53.4,310,11.5,0.88,9.4,166,6.1,19.9,351,13.0,8.3,115,4.3,535,19.8,7
youngstown-state,32,15,17,46.9,2244.0,70.1,52.0,109.7,836,1822,45.9,540,735,73.5,249,712,35.0,52.7,56.7,40.3,47.7,21.9,30.4,1.1,2461,76.9,49.3,1065,33.3,27.5,297,9.3,71.0,768,24.0,104,3.3,59.7,499,15.6,1.4,9.5,213,6.7,15.9,357,11.2,4.8,86,2.7,607,19.0,20