abilene-christian,NULL
air-force,32,18,14,56.3,2083.0,65.1,50.0,107.6,795,1690,47.0,379,531,71.4,272,712,38.2,55.1,57.7,31.4,46.7,16.9,36.4,1.08,2241,70.0,46.9,964,30.1,24.8,240,7.5,69.0,724,22.6,75,2.3,63.9,508,15.9,1.34,9.9,206,6.4,18.2,380,11.9,3.2,55,1.7,557,17.4,7
akron,33,26,7,78.8,2224.0,67.4,54.8,106.5,852,1874,45.5,436,678,64.3,229,689,33.2,51.6,53.9,36.2,52.6,18.4,29.0,1.07,2369,71.8,53.7,1243,37.7,37.7,425,12.9,69.6,818,24.8,98,3.0,56.9,485,14.7,1.06,10.4,231,7.0,20.6,458,13.9,10.3,189,5.7,577,17.5,8
alabama,36,23,13,63.9,2265.0,62.9,50.9,100.1,808,1887,42.8,455,648,70.2,197,588,33.5,48.0,51.7,34.3,53.9,20.1,26.1,1.0,2268,63.0,49.5,1178,32.7,32.0,381,10.6,67.0,797,22.1,127,3.5,47.0,380,10.6,0.84,13.0,294,8.2,19.9,451,12.5,8.6,160,4.4,619,17.2,11
alabama-am,31,11,20,35.5,2116.0,68.3,49.0,92.5,696,1746,39.9,410,651,63.0,155,528,29.4,44.3,47.6,37.3,55.3,21.0,23.8,0.92,1957,63.1,50.6,1115,36.0,32.4,377,12.2,68.7,738,23.8,123,4.0,52.7,367,11.8,0.83,8.6,182,5.9,21.0,444,14.3,5.8,102,3.3,550,17.7,8
alabama-state,32,10,22,31.3,2162.0,67.6,49.6,91.5,734,1800,40.8,343,575,59.7,168,557,30.2,45.4,47.7,31.9,57.2,17.3,25.5,0.92,1979,61.8,49.6,1136,35.5,33.7,396,12.4,65.4,740,23.1,111,3.5,50.5,371,11.6,0.77,9.3,202,6.3,22.2,479,15.0,5.7,103,3.2,598,18.7,13
albany,35,24,11,68.6,2204.0,63.0,49.9,102.1,761,1748,43.5,516,700,73.7,213,575,37.0,49.6,54.1,40.0,48.7,22.9,28.4,1.02,2251,64.3,51.8,1168,33.4,31.7,345,9.9,71.8,823,23.5,146,4.2,51.8,394,11.3,0.84,8.7,192,5.5,21.2,468,13.4,3.8,71,2.0,564,16.1,7
alcorn-state,34,10,24,29.4,2355.0,69.3,44.5,87.3,726,1888,38.5,438,705,62.1,165,562,29.4,42.8,46.2,37.3,54.6,21.3,24.1,0.87,2055,60.4,47.1,1107,32.6,29.6,342,10.1,64.5,765,22.5,82,2.4,42.4,308,9.1,0.6,9.4,221,6.5,21.7,512,15.1,6.9,130,3.8,677,19.9,26
american-university,30,10,20,33.3,1804.0,60.1,47.8,96.2,616,1491,41.3,326,460,70.9,177,489,36.2,47.3,50.7,30.9,50.6,18.8,30.6,0.96,1735,57.8,50.7,973,32.4,28.5,270,9.0,73.0,703,23.4,88,2.9,56.5,348,11.6,0.96,5.6,101,3.4,20.2,364,12.1,4.8,75,2.5,431,14.4,3
appalachian-state,31,15,16,48.4,2167.0,69.9,51.3,106.5,777,1781,43.6,456,662,68.9,201,560,35.9,49.3,55.0,37.2,49.9,19.8,26.1,1.06,2307,74.4,50.7,1098,35.4,31.6,352,11.4,69.9,746,24.1,112,3.6,45.8,356,11.5,0.85,9.8,212,6.8,19.4,420,13.5,6.7,119,3.8,575,18.5,14
arizona,35,27,8,77.1,2346.0,67.0,53.2,109.5,880,1933,45.5,541,722,74.9,269,725,37.1,52.5,56.5,37.4,47.5,21.1,31.4,1.1,2570,73.4,54.2,1276,36.5,35.0,393,11.2,73.3,880,25.1,104,3.0,54.1,476,13.6,1.04,10.0,234,6.7,19.5,458,13.1,7.0,134,3.8,584,16.7,16
arizona-state,35,22,13,62.9,2403.0,68.7,51.5,104.5,902,1964,45.9,458,706,64.9,250,722,34.6,52.3,54.6,35.9,51.9,18.2,29.9,1.05,2512,71.8,49.1,1261,36.0,28.3,338,9.7,70.0,923,26.4,93,2.7,55.1,497,14.2,1.12,9.2,222,6.3,18.5,445,12.7,10.1,211,6.0,553,15.8,9
arkansas,32,19,13,59.4,2276.0,71.1,53.1,103.6,852,1960,43.5,462,687,67.2,192,639,30.0,48.4,51.6,35.1,56.0,19.6,24.4,1.04,2358,73.7,49.1,1120,35.0,31.7,386,12.1,66.5,734,22.9,102,3.2,55.8,475,14.8,1.28,13.0,295,9.2,16.3,372,11.6,9.2,159,5.0,649,20.3,12
arkansas-state,31,19,12,61.3,2112.0,68.1,51.1,100.8,705,1737,40.6,520,762,68.2,197,633,31.1,46.3,50.7,43.9,47.7,24.4,27.8,1.01,2129,68.7,51.7,1143,36.9,33.9,392,12.6,69.6,751,24.2,106,3.4,46.0,324,10.5,0.79,12.1,256,8.3,19.3,408,13.2,5.7,95,3.1,543,17.5,17
arkansas-little-rock,32,17,15,53.1,2214.0,71.4,49.1,96.1,732,1736,42.2,501,741,67.6,162,481,33.7,46.8,50.9,42.7,53.6,23.6,22.8,0.96,2127,66.5,49.8,1097,34.3,32.0,361,11.3,67.6,736,23.0,120,3.8,50.8,372,11.6,0.76,9.7,215,6.7,22.0,488,15.2,7.1,121,3.8,632,19.8,10
arkansas-pine-bluff,30,16,14,53.3,2070.0,69.0,48.2,90.8,683,1707,40.0,355,563,63.1,159,526,30.2,44.7,47.6,33.0,55.7,18.9,25.4,0.91,1880,62.7,47.9,1026,34.2,31.4,349,11.6,64.4,677,22.6,82,2.7,55.9,382,12.7,0.88,14.3,297,9.9,20.9,433,14.4,5.9,99,3.3,533,17.8,11
army,31,16,15,51.6,2124.0,68.5,50.8,105.7,767,1723,44.5,461,628,73.4,250,675,37.0,51.8,55.5,36.4,46.1,20.5,33.4,1.06,2245,72.4,51.2,1133,36.5,31.8,330,10.6,70.7,803,25.9,118,3.8,57.6,442,14.3,1.01,7.5,160,5.2,20.6,437,14.1,5.7,99,3.2,601,19.4,10
auburn,32,9,23,28.1,2171.0,67.8,47.9,95.5,726,1777,40.9,439,627,70.0,183,589,31.1,46.0,50.0,35.3,52.4,21.2,26.5,0.96,2074,64.8,49.6,1094,34.2,29.2,329,10.3,70.1,765,23.9,115,3.6,54.5,396,12.4,0.93,10.2,222,6.9,19.7,427,13.3,7.2,124,3.9,657,20.5,15
austin-peay,31,8,23,25.8,2204.0,71.1,49.5,100.6,783,1714,45.7,426,633,67.3,226,590,38.3,52.3,55.0,36.9,50.2,19.2,30.6,1.01,2218,71.5,47.9,1053,34.0,30.0,315,10.2,65.7,738,23.8,91,2.9,58.1,455,14.7,0.91,8.8,194,6.3,22.8,502,16.2,8.2,159,5.1,490,15.8,6
ball-state,30,15,15,50.0,1972.0,65.7,51.3,99.2,656,1541,42.6,468,718,65.2,177,542,32.7,48.3,52.0,46.6,49.0,23.9,27.1,0.99,1957,65.2,53.2,1067,35.6,35.8,368,12.3,70.5,699,23.3,78,2.6,54.1,355,11.8,0.78,9.8,193,6.4,23.1,455,15.2,4.4,71,2.4,516,17.2,5
baylor,37,23,14,62.2,2548.0,68.9,55.2,110.3,1002,2178,46.0,550,796,69.1,257,728,35.3,51.9,55.0,36.5,53.0,19.6,27.4,1.1,2811,76.0,51.1,1387,37.5,34.3,443,12.0,67.8,944,25.5,107,2.9,58.5,586,15.8,1.33,9.5,243,6.6,17.2,439,11.9,7.6,166,4.5,632,17.1,13
belmont,33,26,7,78.8,2255.0,68.3,53.1,112.3,906,1844,49.1,442,604,73.2,279,729,38.3,56.7,59.4,32.8,49.5,17.4,33.0,1.12,2533,76.8,47.9,1049,31.8,29.9,306,9.3,65.9,743,22.5,83,2.5,57.0,516,15.6,1.17,14.3,322,9.8,19.5,440,13.3,5.0,88,2.7,604,18.3,5
bethune-cookman,34,14,20,41.2,2302.0,67.7,52.2,99.2,815,1957,41.6,463,742,62.4,190,620,30.6,46.5,49.4,37.9,54.8,20.3,25.0,0.99,2283,67.1,50.5,1176,34.6,32.6,425,12.5,68.4,751,22.1,108,3.2,53.9,439,12.9,1.05,10.7,246,7.2,18.2,420,12.4,7.2,125,3.7,698,20.5,20
binghamton,30,3,27,10.0,1985.0,66.2,43.7,84.4,588,1580,37.2,344,533,64.5,156,546,28.6,42.2,45.7,33.7,51.6,20.5,27.9,0.84,1676,55.9,48.5,1056,35.2,27.4,303,10.1,69.7,753,25.1,113,3.8,42.0,247,8.2,0.54,8.7,173,5.8,23.2,461,15.4,4.3,74,2.5,507,16.9,15
boise-state,32,21,11,65.6,2131.0,66.6,52.7,109.9,824,1790,46.0,446,597,74.7,249,637,39.1,53.0,56.5,33.4,49.1,19.0,31.9,1.1,2343,73.2,53.8,1081,33.8,31.5,323,10.1,76.0,758,23.7,93,2.9,51.3,423,13.2,1.1,9.9,212,6.6,18.1,385,12.0,3.3,54,1.7,599,18.7,17
boston-college,33,16,17,48.5,2121.0,64.3,50.0,104.4,750,1701,44.1,481,676,71.2,234,662,35.3,51.0,54.8,39.7,46.6,21.7,31.7,1.04,2215,67.1,48.7,1036,31.4,28.1,289,8.8,69.3,747,22.6,85,2.6,53.9,404,12.2,1.07,8.7,184,5.6,17.7,376,11.4,4.7,86,2.6,519,15.7,9
boston-university,30,17,13,56.7,1979.0,66.0,49.2,102.8,739,1647,44.9,317,436,72.7,240,648,37.0,52.2,54.9,26.5,49.0,15.6,35.4,1.03,2035,67.8,47.4,963,32.1,26.0,255,8.5,68.7,708,23.6,100,3.3,55.2,408,13.6,1.09,11.3,223,7.4,18.9,374,12.5,3.3,53,1.8,504,16.8,5
bowling-green,32,13,19,40.6,2078.0,64.9,50.0,101.4,753,1795,41.9,346,484,71.5,158,516,30.6,46.4,52.1,27.0,56.5,16.4,22.5,1.01,2108,65.9,50.1,1095,34.2,31.1,349,10.9,69.1,746,23.3,95,3.0,51.1,385,12.0,0.94,11.4,236,7.4,19.7,410,12.8,7.9,136,4.3,515,16.1,4
bradley,35,18,17,51.4,2331.0,66.6,51.6,101.7,876,2006,43.7,434,600,72.3,185,580,31.9,48.3,51.7,29.9,58.3,18.3,23.4,1.02,2371,67.7,49.3,1151,32.9,30.4,373,10.7,68.2,778,22.2,103,2.9,50.1,439,12.5,1.06,13.6,318,9.1,17.8,415,11.9,4.5,84,2.4,615,17.6,15
brigham-young,36,24,12,66.7,2559.0,71.1,54.6,108.5,999,2188,45.7,566,777,72.8,213,630,33.8,50.5,54.3,35.5,56.6,20.4,23.0,1.09,2777,77.1,52.6,1396,38.8,32.6,431,12.0,72.5,965,26.8,118,3.3,57.6,575,16.0,1.33,11.4,291,8.1,16.9,432,12.0,4.3,89,2.5,678,18.8,12
brown,28,13,15,46.4,1822.0,65.1,48.6,97.8,610,1490,40.9,323,512,63.1,205,594,34.5,47.8,51.4,34.4,45.5,18.1,34.5,0.98,1782,63.6,52.2,1002,35.8,31.2,306,10.9,73.2,696,24.9,74,2.6,57.2,349,12.5,0.88,10.2,185,6.6,21.7,396,14.1,6.9,103,3.7,471,16.8,13
bryant,31,19,12,61.3,2084.0,67.2,53.3,110.1,812,1693,48.0,453,627,72.2,217,610,35.6,54.4,57.6,37.0,51.9,19.7,28.4,1.1,2294,74.0,50.4,1055,34.0,30.6,303,9.8,70.2,752,24.3,113,3.6,57.9,470,15.2,1.18,7.6,158,5.1,19.2,400,12.9,2.0,35,1.1,512,16.5,13
bucknell,34,28,6,82.4,2128.0,62.6,52.9,107.0,818,1807,45.3,484,652,74.2,157,438,35.8,49.6,53.8,36.1,58.1,21.3,20.7,1.07,2277,67.0,52.4,1230,36.2,29.3,308,9.1,75.5,922,27.1,88,2.6,55.6,455,13.4,1.42,5.5,118,3.5,15.0,320,9.4,7.5,139,4.1,498,14.6,2
buffalo,34,14,20,41.2,2224.0,65.4,51.6,102.3,794,1767,44.9,472,671,70.3,215,620,34.7,51.0,54.5,38.0,50.9,20.7,28.4,1.02,2275,66.9,52.0,1207,35.5,35.9,389,11.4,68.0,818,24.1,101,3.0,64.2,510,15.0,0.97,8.5,188,5.5,23.6,525,15.4,8.2,156,4.6,632,18.6,12
butler,36,27,9,75.0,2344.0,65.1,53.6,106.4,869,1931,45.0,518,744,69.6,239,688,34.7,51.2,54.6,38.5,50.5,20.8,28.7,1.06,2495,69.3,55.0,1320,36.7,36.3,419,11.6,73.7,901,25.0,107,3.0,53.5,465,12.9,0.98,8.8,206,5.7,20.2,474,13.2,4.9,94,2.6,644,17.9,17
cal-poly,32,18,14,56.3,1936.0,60.5,52.8,107.1,719,1696,42.4,409,564,72.5,227,606,37.5,49.1,52.8,33.3,47.4,19.7,32.8,1.07,2074,64.8,52.0,1008,31.5,31.9,336,10.5,72.0,672,21.0,96,3.0,61.3,441,13.8,1.46,9.5,184,5.8,15.6,302,9.4,3.5,55,1.7,549,17.2,5
cal-state-bakersfield,30,14,16,46.7,2063.0,68.8,49.6,98.9,710,1697,41.8,422,603,70.0,199,591,33.7,47.7,51.5,35.5,50.1,20.7,29.3,0.99,2041,68.0,51.3,1021,34.0,31.6,342,11.4,71.0,679,22.6,113,3.8,53.5,380,12.7,0.9,10.7,221,7.4,20.6,424,14.1,3.7,56,1.9,610,20.3,14
cal-state-fullerton,32,14,18,43.8,2245.0,70.2,50.7,109.2,855,1819,47.0,475,627,75.8,266,704,37.8,54.3,57.9,34.5,48.1,19.4,32.6,1.09,2451,76.6,44.9,954,29.8,26.1,271,8.5,63.7,683,21.3,95,3.0,55.2,472,14.8,1.18,11.0,248,7.8,17.9,401,12.5,2.9,52,1.6,595,18.6,21
cal-state-northridge,31,14,17,45.2,2218.0,71.5,54.0,105.2,818,1876,43.6,534,729,73.3,163,485,33.6,47.9,52.5,38.9,56.2,22.9,21.0,1.05,2333,75.3,52.9,1140,36.8,36.5,424,13.7,69.4,716,23.1,87,2.8,57.9,474,15.3,1.12,11.8,262,8.5,19.1,423,13.6,5.3,91,2.9,605,19.5,13
california,33,21,12,63.6,2202.0,66.7,52.1,100.7,833,1875,44.4,418,585,71.5,134,443,30.2,48.0,51.5,31.2,63.0,18.8,18.1,1.01,2218,67.2,50.9,1228,37.2,32.5,361,10.9,69.3,867,26.3,94,2.8,56.2,468,14.2,1.12,8.7,192,5.8,18.9,417,12.6,8.0,154,4.7,549,16.6,13
campbell,33,13,20,39.4,2285.0,69.2,52.0,100.0,855,1921,44.5,439,619,70.9,135,440,30.7,48.0,51.6,32.2,63.0,19.2,17.7,1.0,2284,69.2,48.7,1120,33.9,32.9,381,11.5,64.4,739,22.4,112,3.4,53.9,461,14.0,1.01,10.9,250,7.6,20.0,456,13.8,5.8,110,3.3,619,18.8,15
canisius,34,20,14,58.8,2288.0,67.3,53.0,109.2,857,1923,44.6,472,659,71.6,313,811,38.6,52.7,55.9,34.3,43.5,18.9,37.6,1.09,2499,73.5,50.7,1172,34.5,34.8,400,11.8,66.6,772,22.7,99,2.9,50.4,432,12.7,0.96,8.7,198,5.8,19.7,450,13.2,5.8,111,3.3,578,17.0,14
central-arkansas,30,13,17,43.3,2249.0,75.0,53.0,102.0,856,1967,43.5,368,582,63.2,214,608,35.2,49.0,51.1,29.6,56.0,16.0,28.0,1.02,2294,76.5,48.9,1160,38.7,33.8,416,13.9,63.9,744,24.8,113,3.8,49.4,423,14.1,0.98,10.5,236,7.9,19.2,432,14.4,6.5,120,4.0,626,20.9,20
central-connecticut-state,30,13,17,43.3,2155.0,71.8,49.6,101.4,785,1832,42.8,404,552,73.2,212,602,35.2,48.6,52.2,30.1,52.4,18.5,29.1,1.01,2186,72.9,46.1,1037,34.6,27.4,311,10.4,64.7,726,24.2,131,4.4,48.2,378,12.6,1.0,10.4,225,7.5,17.5,378,12.6,6.9,130,4.3,484,16.1,10
central-michigan,31,11,20,35.5,2046.0,66.0,48.9,102.2,680,1664,40.9,482,659,73.1,250,754,33.2,48.4,52.9,39.6,41.1,23.0,35.9,1.02,2092,67.5,48.6,979,31.6,30.6,330,10.6,66.6,649,20.9,111,3.6,59.4,404,13.0,1.0,10.2,208,6.7,19.6,402,13.0,3.9,65,2.1,514,16.6,7
charleston-southern,32,19,13,59.4,2196.0,68.6,53.4,107.5,818,1937,42.2,428,605,70.7,297,826,36.0,49.9,53.1,31.2,44.1,18.1,37.7,1.08,2361,73.8,53.1,1254,39.2,35.0,427,13.3,71.2,827,25.8,133,4.2,48.3,395,12.3,1.0,10.7,235,7.3,17.9,394,12.3,4.7,87,2.7,507,15.8,9
north-carolina-charlotte,33,21,12,63.6,2267.0,68.7,52.6,98.3,793,1804,44.0,529,809,65.4,114,425,26.8,47.1,50.9,44.8,60.9,23.7,15.3,0.98,2229,67.5,52.7,1243,37.7,36.5,422,12.8,68.9,821,24.9,112,3.4,48.8,387,11.7,0.77,10.9,246,7.5,22.3,505,15.3,5.6,103,3.1,651,19.7,18
chattanooga,32,13,19,40.6,2220.0,69.4,52.0,106.3,762,1822,41.8,527,793,66.5,167,561,29.8,46.4,53.7,43.5,50.4,22.3,21.2,1.06,2360,73.8,53.9,1213,37.9,35.3,420,13.1,72.6,793,24.8,116,3.6,49.7,379,11.8,0.84,9.9,220,6.9,20.2,449,14.0,3.6,65,2.0,570,17.8,4
chicago-state,33,11,22,33.3,2293.0,69.5,47.2,93.8,779,1949,40.0,362,498,72.7,231,692,33.4,45.9,49.2,25.6,51.0,16.8,32.2,0.94,2151,65.2,48.7,1093,33.1,30.2,369,11.2,67.2,724,21.9,105,3.2,52.2,407,12.3,0.84,13.6,311,9.4,21.1,484,14.7,5.5,94,2.8,675,20.5,19
cincinnati,34,22,12,64.7,2230.0,65.6,53.4,101.4,791,1963,40.3,450,696,64.7,230,729,31.6,46.2,49.3,35.5,49.6,19.9,30.5,1.01,2262,66.5,54.5,1351,39.7,38.7,488,14.4,70.2,863,25.4,132,3.9,52.5,415,12.2,0.96,10.8,240,7.1,19.4,432,12.7,11.2,208,6.1,605,17.8,15
citadel,30,8,22,26.7,1956.0,65.2,49.0,104.0,681,1504,45.3,393,559,70.3,176,488,36.1,51.1,57.5,37.2,49.6,19.3,25.9,1.04,2035,67.8,47.8,912,30.4,31.3,283,9.4,64.2,629,21.0,106,3.5,66.4,452,15.1,0.97,10.8,212,7.1,23.8,465,15.5,4.0,69,2.3,456,15.2,5
clemson,31,13,18,41.9,1928.0,62.2,51.4,98.9,697,1643,42.4,356,544,65.4,157,496,31.7,47.2,50.1,33.1,56.6,18.7,24.7,0.99,1907,61.5,50.1,1034,33.4,32.0,330,10.6,68.2,704,22.7,87,2.8,47.9,334,10.8,0.94,10.8,208,6.7,18.4,355,11.5,9.2,148,4.8,497,16.0,8
cleveland-state,32,14,18,43.8,2101.0,65.7,49.1,97.6,733,1734,42.3,379,535,70.8,206,601,34.3,48.2,51.6,30.9,51.4,18.5,30.1,0.98,2051,64.1,49.6,1002,31.3,31.8,340,10.6,67.4,662,20.7,113,3.5,53.1,389,12.2,0.86,11.1,233,7.3,21.5,452,14.1,5.8,95,3.0,627,19.6,9
coastal-carolina,29,14,15,48.3,1912.0,65.9,54.8,101.6,714,1626,43.9,385,587,65.6,130,419,31.0,47.9,51.0,36.1,60.1,19.8,20.1,1.02,1943,67.0,54.4,1083,37.3,39.3,401,13.8,69.5,682,23.5,105,3.6,43.1,308,10.6,0.75,13.1,250,8.6,21.4,410,14.1,4.1,61,2.1,538,18.6,14
colgate,32,11,21,34.4,2131.0,66.6,47.0,95.4,735,1760,41.8,343,485,70.7,220,644,34.2,48.0,51.1,27.6,50.7,16.9,32.5,0.95,2033,63.5,49.6,1129,35.3,26.2,290,9.1,73.0,839,26.2,98,3.1,56.1,412,12.9,0.98,6.9,148,4.6,19.8,422,13.2,4.9,91,2.8,561,17.5,9
college-of-charleston,35,24,11,68.6,2233.0,65.7,52.2,102.9,803,1819,44.1,482,703,68.6,209,602,34.7,49.9,53.3,38.6,51.7,21.0,27.3,1.03,2297,65.6,53.1,1301,37.2,33.9,391,11.2,72.3,910,26.0,107,3.1,48.8,392,11.2,0.84,6.7,149,4.3,20.9,467,13.3,7.5,150,4.3,502,14.3,4
colorado,33,21,12,63.6,2198.0,66.6,51.9,101.5,775,1788,43.3,502,732,68.6,178,517,34.4,48.3,52.2,40.9,53.5,22.5,23.9,1.01,2230,67.6,51.6,1227,37.2,33.6,379,11.5,69.6,848,25.7,99,3.0,42.3,328,9.9,0.75,10.5,230,7.0,19.9,437,13.2,5.5,105,3.2,525,15.9,15
colorado-state,35,26,9,74.3,2267.0,64.8,58.5,112.6,881,1961,44.9,611,855,71.5,180,532,33.8,49.5,53.9,43.6,54.9,23.9,21.2,1.13,2553,72.9,58.8,1400,40.0,41.2,493,14.1,76.3,907,25.9,103,2.9,50.5,445,12.7,1.14,7.1,162,4.6,17.2,389,11.1,4.0,74,2.1,600,17.1,7
columbia,28,12,16,42.9,1535.0,69.8,49.1,114.5,604,1435,42.1,357,479,74.5,181,521,34.7,48.1,67.3,34.4,36.9,16.6,24.6,1.15,1758,62.8,46.5,879,31.4,24.5,260,9.3,68.4,619,22.1,77,2.8,55.3,337,12.0,1.07,8.9,172,6.1,15.8,306,10.9,4.2,72,2.6,521,18.6,10
connecticut,30,20,10,66.7,2018.0,65.1,49.9,103.9,727,1644,44.2,451,607,74.3,191,561,34.0,50.0,54.2,36.9,51.1,21.5,27.3,1.04,2096,69.9,46.3,993,33.1,28.5,276,9.2,64.0,717,23.9,116,3.9,56.4,410,13.7,1.12,11.1,224,7.5,18.2,367,12.2,7.8,136,4.5,486,16.2,10
coppin-state,32,8,24,25.0,2253.0,70.4,45.1,90.3,687,1878,36.6,418,601,69.6,243,768,31.6,43.1,47.0,32.0,43.6,20.5,35.8,0.9,2035,63.6,45.3,1061,33.2,29.3,372,11.6,61.2,689,21.5,124,3.9,47.7,328,10.3,0.69,11.1,250,7.8,20.9,472,14.8,3.1,57,1.8,577,18.0,9
cornell,31,13,18,41.9,2081.0,67.1,48.6,103.3,732,1727,42.4,368,523,70.4,208,609,34.2,48.4,54.4,30.3,48.8,17.1,29.0,1.03,2149,69.3,50.4,1005,32.4,28.5,308,9.9,72.3,697,22.5,80,2.6,49.7,364,11.7,0.88,10.1,210,6.8,19.8,412,13.3,6.8,111,3.6,550,17.7,8
creighton,36,28,8,77.8,2340.0,66.9,53.4,114.5,942,1882,50.1,489,644,75.9,307,742,41.4,58.2,61.2,34.2,47.4,18.2,34.4,1.15,2680,74.4,50.8,1263,35.1,28.8,300,8.3,72.8,963,26.8,91,2.5,64.6,609,16.9,1.37,7.4,174,4.8,18.9,443,12.3,4.4,92,2.6,588,16.3,8
dartmouth,28,9,19,32.1,1803.0,64.4,47.2,103.0,598,1466,40.8,364,499,72.9,159,471,33.8,46.2,54.5,34.0,47.3,19.6,25.7,1.03,1857,66.3,49.0,875,31.2,29.0,273,9.8,69.0,602,21.5,59,2.1,49.7,297,10.6,0.78,10.9,196,7.0,21.0,379,13.5,5.0,71,2.5,530,18.9,10
davidson,34,26,8,76.5,2209.0,65.0,52.3,112.7,837,1813,46.2,560,704,79.5,256,694,36.9,53.2,58.0,38.8,46.7,22.5,30.8,1.13,2490,73.2,50.5,1145,33.7,29.0,306,9.0,71.9,839,24.7,97,2.9,56.5,473,13.9,1.27,8.6,189,5.6,16.8,371,10.9,5.6,101,3.0,601,17.7,8
dayton,31,17,14,54.8,2073.0,66.9,53.6,107.3,786,1656,47.5,471,657,71.7,182,474,38.4,53.0,56.5,39.7,54.3,21.2,24.5,1.07,2225,71.8,52.4,1062,34.3,35.2,342,11.0,69.6,720,23.2,89,2.9,55.1,433,14.0,0.96,8.3,173,5.6,21.7,450,14.5,4.8,80,2.6,613,19.8,13
delaware,33,19,14,57.6,2232.0,67.6,51.4,102.0,776,1833,42.3,580,769,75.4,144,466,30.9,46.3,51.8,42.0,55.5,25.5,19.0,1.02,2276,69.0,50.6,1242,37.6,33.1,381,11.5,68.0,861,26.1,73,2.2,41.1,319,9.7,0.76,8.0,178,5.4,18.7,418,12.7,7.6,150,4.5,556,16.8,9
delaware-state,33,15,18,45.5,2092.0,63.4,49.3,95.5,709,1731,41.0,396,574,69.0,183,621,29.5,46.2,49.8,33.2,52.7,19.8,27.5,0.95,1997,60.5,48.2,1055,32.0,33.1,367,11.1,63.2,688,20.8,108,3.3,46.0,326,9.9,0.72,10.9,228,6.9,21.7,453,13.7,10.4,185,5.6,515,15.6,16
denver,32,22,10,68.8,1919.0,60.0,49.5,108.2,739,1540,48.0,346,481,71.9,252,672,37.5,56.2,58.7,31.2,46.9,16.7,36.4,1.08,2076,64.9,44.3,802,25.1,22.7,200,6.3,65.9,602,18.8,77,2.4,69.8,516,16.1,1.45,15.0,288,9.0,18.6,357,11.2,10.1,145,4.5,557,17.4,7
depaul,32,11,21,34.4,2312.0,72.3,51.1,98.8,847,1951,43.4,435,618,70.4,155,518,29.9,47.4,50.9,31.7,60.6,19.0,20.4,0.99,2284,71.4,48.0,1095,34.2,31.7,383,12.0,64.3,712,22.3,123,3.8,51.9,440,13.8,0.96,11.5,265,8.3,19.8,457,14.3,7.1,133,4.2,612,19.1,8
detroit,33,20,13,60.6,2313.0,70.1,54.5,111.0,908,1991,45.6,518,711,72.9,234,685,34.2,51.5,55.1,35.7,52.5,20.2,27.3,1.11,2568,77.8,50.5,1086,32.9,32.1,374,11.3,68.9,712,21.6,88,2.7,53.0,481,14.6,1.34,11.8,273,8.3,15.6,360,10.9,6.2,112,3.4,588,17.8,14
drake,32,15,17,46.9,2217.0,69.3,47.5,106.2,775,1732,44.7,467,651,71.7,279,720,38.8,52.8,57.7,37.6,42.1,19.8,35.6,1.06,2354,73.6,47.8,1009,31.5,24.5,257,8.0,71.1,752,23.5,83,2.6,55.9,433,13.5,0.98,8.3,183,5.7,19.8,440,13.8,4.0,70,2.2,625,19.5,14
drexel,31,13,18,41.9,1941.0,62.6,50.9,100.6,680,1651,41.2,412,553,74.5,181,540,33.5,46.7,51.0,33.5,51.1,21.1,27.8,1.01,1953,63.0,53.6,1054,34.0,33.3,347,11.2,74.0,707,22.8,89,2.9,53.4,363,11.7,0.99,8.1,158,5.1,18.9,366,11.8,3.8,58,1.9,579,18.7,23
duke,36,30,6,83.3,2455.0,68.2,53.7,113.2,960,2033,47.2,588,796,73.9,270,676,39.9,53.9,57.6,39.2,49.7,21.2,29.2,1.13,2778,77.2,48.3,1208,33.6,28.8,337,9.4,67.7,871,24.2,89,2.5,53.6,515,14.3,1.34,9.5,232,6.4,15.6,383,10.6,6.6,135,3.8,645,17.9,22
duquesne,30,8,22,26.7,2098.0,69.9,48.6,96.7,714,1747,40.9,356,553,64.4,244,722,33.8,47.9,50.5,31.7,46.4,17.6,36.1,0.97,2028,67.6,48.9,1076,35.9,30.9,348,11.6,66.8,728,24.3,109,3.6,53.6,383,12.8,0.88,7.4,156,5.2,20.8,437,14.6,5.9,107,3.6,523,17.4,13
east-carolina,35,23,12,65.7,2475.0,70.7,52.2,108.2,922,2039,45.2,561,784,71.6,274,784,34.9,51.9,55.5,38.5,48.4,20.9,30.7,1.08,2679,76.5,48.0,1256,35.9,30.6,375,10.7,65.4,881,25.2,96,2.7,65.4,603,17.2,1.36,11.3,279,8.0,17.9,444,12.7,7.3,156,4.5,618,17.7,17
east-tennessee-state,32,10,22,31.2,2124.0,66.4,46.9,93.9,708,1751,40.4,370,554,66.8,208,637,32.7,46.4,49.5,31.6,50.2,18.6,31.3,0.94,1994,62.3,46.4,986,30.8,27.7,312,9.8,65.1,674,21.1,89,2.8,45.6,323,10.1,0.76,9.6,203,6.3,19.9,423,13.2,4.0,71,2.2,512,16.0,16
eastern-illinois,32,11,21,34.4,1950.0,60.9,49.8,99.1,691,1582,43.7,359,541,66.4,192,548,35.0,49.7,52.6,34.2,51.6,18.6,29.8,0.99,1933,60.4,50.2,953,29.8,30.4,302,9.4,70.1,651,20.3,94,2.9,60.8,420,13.1,1.02,10.6,207,6.5,21.2,413,12.9,4.4,67,2.1,529,16.5,10
eastern-kentucky,35,25,10,71.4,2314.0,66.1,51.6,111.8,888,1903,46.7,503,644,78.1,307,865,35.5,54.7,58.5,33.8,44.9,19.5,35.6,1.12,2586,73.9,45.6,963,27.5,28.4,307,8.8,62.7,656,18.7,83,2.4,58.8,522,14.9,1.26,13.4,310,8.9,17.9,414,11.8,4.4,76,2.2,679,19.4,24
eastern-michigan,34,16,18,47.1,2082.0,61.2,49.6,92.5,702,1751,40.1,357,533,67.0,165,500,33.0,44.8,48.0,30.4,55.8,18.5,25.7,0.93,1926,56.6,49.2,1138,33.5,35.0,402,11.8,63.4,736,21.6,124,3.6,51.9,364,10.7,0.77,12.9,269,7.9,22.7,473,13.9,9.7,169,5.0,571,16.8,7
eastern-washington,31,10,21,32.3,2154.0,69.5,49.1,99.6,751,1811,41.5,380,580,65.5,264,775,34.1,48.8,51.4,32.0,45.4,17.7,36.9,1.0,2146,69.2,47.1,1113,35.9,29.4,342,11.0,64.7,771,24.9,89,2.9,55.1,414,13.4,1.0,7.6,164,5.3,19.3,416,13.4,9.3,176,5.7,571,18.4,17
elon,33,21,12,63.6,2227.0,67.5,49.2,102.1,814,1884,43.2,387,543,71.3,258,749,34.4,50.1,53.1,28.8,48.9,17.0,34.1,1.02,2273,68.9,48.7,1140,34.5,26.5,303,9.2,70.8,837,25.4,103,3.1,54.9,447,13.5,1.16,9.8,218,6.6,17.3,385,11.7,6.2,113,3.4,558,16.9,6
evansville,36,21,15,58.3,2389.0,66.4,51.9,104.3,900,2056,43.8,483,652,74.1,207,566,36.6,48.8,52.6,31.7,55.6,19.4,24.9,1.04,2491,69.2,50.5,1208,33.6,30.2,378,10.5,70.8,830,23.1,119,3.3,63.8,574,15.9,1.42,8.9,213,5.9,17.0,405,11.3,5.6,106,2.9,635,17.6,10
fairfield,35,19,16,54.3,2186.0,62.5,50.4,97.1,779,1843,42.3,365,533,68.5,199,629,31.6,47.7,50.6,28.9,54.7,17.2,28.1,0.97,2122,60.6,50.6,1167,33.3,33.6,388,11.1,67.6,779,22.3,109,3.1,57.1,445,12.7,0.94,11.3,248,7.1,21.5,471,13.5,7.8,134,3.8,690,19.7,11
fairleigh-dickinson,31,7,24,22.6,2160.0,69.7,46.2,94.2,724,1675,43.2,396,590,67.1,190,543,35.0,48.9,52.0,35.2,52.5,19.5,28.0,0.94,2034,65.6,43.8,953,30.7,26.2,274,8.8,61.4,679,21.9,112,3.6,55.8,404,13.0,0.83,8.3,179,5.8,22.5,486,15.7,5.4,101,3.3,571,18.4,16
florida,37,29,8,78.4,2328.0,62.9,55.9,113.5,960,2010,47.8,422,623,67.7,300,794,37.8,55.2,57.3,31.0,50.0,16.0,34.1,1.13,2642,71.4,52.9,1297,35.1,34.2,394,10.6,71.6,903,24.4,118,3.2,56.3,540,14.6,1.3,11.4,265,7.2,17.8,414,11.2,6.3,120,3.2,518,14.0,8
florida-am,31,8,23,25.8,2210.0,71.3,48.2,91.2,732,1849,39.6,380,606,62.7,171,560,30.5,44.2,47.1,32.8,55.7,18.9,25.5,0.91,2015,65.0,47.6,1091,35.2,32.1,393,12.7,63.1,698,22.5,146,4.7,46.4,340,11.0,0.7,11.6,256,8.3,21.9,485,15.6,5.9,103,3.3,608,19.6,15
florida-atlantic,32,14,18,43.8,2153.0,67.3,49.3,98.6,732,1735,42.2,433,618,70.1,195,541,36.0,47.8,52.3,35.6,50.6,20.4,27.6,0.99,2123,66.3,49.6,1168,36.5,32.9,363,11.3,66.2,805,25.2,107,3.3,44.0,322,10.1,0.66,7.8,167,5.2,22.7,488,15.2,8.8,165,5.2,580,18.1,12
florida-gulf-coast,37,26,11,70.3,2597.0,70.2,52.3,103.8,976,2112,46.2,497,736,67.5,247,722,34.2,52.1,54.8,34.8,54.1,18.4,27.5,1.04,2696,72.9,49.9,1343,36.3,32.2,412,11.1,67.6,931,25.2,114,3.1,53.6,523,14.1,0.96,12.7,331,8.9,20.9,544,14.7,6.5,139,3.8,649,17.5,16
florida-international,32,18,14,56.3,2226.0,69.6,49.1,99.3,766,1794,42.7,454,642,70.7,224,672,33.3,48.9,52.6,35.8,49.0,20.5,30.4,0.99,2210,69.1,47.7,1045,32.7,31.3,353,11.0,64.0,692,21.6,103,3.2,48.2,369,11.5,0.76,13.4,299,9.3,21.7,484,15.1,5.0,87,2.7,603,18.8,20
florida-state,34,18,16,52.9,2255.0,66.3,48.9,101.0,780,1758,44.4,522,710,73.5,196,563,34.8,49.9,54.4,40.4,51.3,22.9,25.8,1.01,2278,67.0,47.2,1052,30.9,30.9,322,9.5,63.4,730,21.5,96,2.8,49.4,385,11.3,0.77,9.3,210,6.2,22.0,497,14.6,9.1,172,5.1,601,17.7,13
fordham,31,7,24,22.6,2133.0,68.8,50.0,93.6,718,1785,40.2,393,583,67.4,168,540,31.1,44.9,48.4,32.7,55.1,19.7,25.2,0.94,1997,64.4,52.0,1165,37.6,35.9,416,13.4,68.0,749,24.2,94,3.0,52.5,377,12.2,0.78,7.2,153,4.9,22.7,485,15.6,7.2,127,4.1,630,20.3,22
fresno-state,30,11,19,36.7,1878.0,62.6,48.5,95.7,610,1566,39.0,396,593,66.8,182,523,34.8,44.8,48.7,37.9,47.6,22.0,30.4,0.96,1798,59.9,48.0,969,32.3,30.1,319,10.6,65.9,650,21.7,103,3.4,45.1,275,9.2,0.79,11.5,216,7.2,18.5,348,11.6,7.0,104,3.5,582,19.4,8
furman,31,7,24,22.6,2005.0,64.7,46.2,104.8,644,1580,40.8,392,568,69.0,189,565,33.5,46.7,56.8,35.9,43.3,18.7,27.0,1.05,2101,67.8,47.5,974,31.4,28.6,294,9.5,66.4,680,21.9,90,2.9,52.8,340,11.0,0.75,8.2,164,5.3,22.5,451,14.5,6.6,116,3.7,483,15.6,8
gardner-webb,34,21,13,61.8,2224.0,65.4,52.0,100.5,791,1871,42.3,464,649,71.5,190,583,32.6,47.4,51.3,34.7,53.8,20.8,25.5,1.01,2236,65.8,52.7,1204,35.4,35.9,420,12.4,69.4,784,23.1,114,3.4,55.4,438,12.9,0.95,12.0,267,7.9,20.6,459,13.5,5.1,90,2.6,584,17.2,14
george-mason,38,22,16,57.9,2526.0,66.5,52.1,102.4,922,2112,43.7,540,745,72.5,203,587,34.6,48.5,52.5,35.3,55.6,20.9,23.5,1.02,2587,68.1,50.7,1322,34.8,35.0,448,11.8,66.4,874,23.0,137,3.6,51.3,473,12.4,0.92,11.1,280,7.4,20.4,516,13.6,5.2,103,2.7,773,20.3,23
george-washington,30,13,17,43.3,2050.0,68.3,53.0,97.0,732,1660,44.1,440,670,65.7,84,301,27.9,46.6,50.2,40.4,65.2,22.1,12.7,0.97,1988,66.3,53.7,1129,37.6,38.2,401,13.4,69.2,728,24.3,102,3.4,55.1,403,13.4,0.84,11.4,233,7.8,23.3,477,15.9,8.8,147,4.9,528,17.6,8
georgetown,32,25,7,78.1,2029.0,63.4,50.8,102.0,737,1627,45.3,407,599,67.9,189,536,35.3,51.1,54.1,36.8,52.9,19.7,27.4,1.02,2070,64.7,49.7,1060,33.1,30.4,297,9.3,69.0,763,23.8,101,3.2,64.3,474,14.8,1.16,11.8,240,7.5,20.1,407,12.7,7.5,123,3.8,556,17.4,22
georgia,32,15,17,46.9,2028.0,63.4,47.9,96.0,636,1557,40.8,486,700,69.4,188,526,35.7,46.9,51.5,45.0,46.0,25.0,29.0,0.96,1946,60.8,50.8,1132,35.4,32.1,333,10.4,69.5,799,25.0,88,2.8,58.3,371,11.6,0.8,8.9,180,5.6,23.0,466,14.6,7.8,133,4.2,541,16.9,13
georgia-southern,33,14,19,42.4,2104.0,63.8,49.3,100.2,721,1721,41.9,423,615,68.8,185,542,34.1,47.3,52.4,35.7,50.8,20.1,26.3,1.0,2109,63.9,48.6,1057,32.0,31.2,341,10.3,65.9,716,21.7,90,2.7,44.1,318,9.6,0.73,10.8,227,6.9,20.7,435,13.2,4.2,73,2.2,600,18.2,8
georgia-state,31,15,16,48.4,2012.0,64.9,51.0,105.1,739,1685,43.9,417,586,71.2,219,611,35.8,50.4,53.8,34.8,49.2,19.7,31.1,1.05,2114,68.2,48.7,985,31.8,29.5,302,9.7,67.8,683,22.0,89,2.9,49.0,362,11.7,1.01,11.9,240,7.7,17.8,358,11.5,7.8,127,4.1,532,17.2,7
georgia-tech,31,16,15,51.6,2062.0,66.5,51.0,96.7,751,1791,41.9,318,501,63.5,173,544,31.8,46.8,49.1,28.0,58.0,16.0,26.0,0.97,1993,64.3,52.2,1155,37.3,32.6,366,11.8,71.7,789,25.5,83,2.7,52.5,394,12.7,0.99,8.8,182,5.9,19.4,399,12.9,7.5,129,4.2,517,16.7,9
gonzaga,35,32,3,91.4,2284.0,65.3,58.9,118.0,961,1934,49.7,548,777,70.5,226,609,37.1,55.5,58.5,40.2,54.5,20.3,25.1,1.18,2696,77.0,54.3,1310,37.4,37.8,409,11.7,70.7,901,25.7,115,3.3,55.2,530,15.1,1.35,12.1,277,7.9,17.2,393,11.2,5.0,96,2.7,551,15.7,2
grambling-state,28,0,28,0.0,1836.0,68.0,41.3,75.8,519,1436,36.1,210,358,58.7,143,458,31.2,41.1,43.3,24.9,54.1,15.1,30.8,0.76,1391,49.7,44.9,875,31.3,28.6,277,9.9,61.1,598,21.4,79,2.8,55.9,290,10.4,0.59,6.7,123,4.4,26.7,491,17.5,3.8,64,2.3,492,17.6,10
grand-canyon,NULL
wisconsin-green-bay,34,18,16,52.9,2195.0,64.6,50.8,102.4,777,1772,43.8,529,705,75.0,164,487,33.7,48.5,53.3,39.8,54.6,23.5,21.9,1.02,2247,66.1,53.0,1193,35.1,32.5,354,10.4,73.5,839,24.7,100,2.9,58.6,455,13.4,1.0,9.2,201,5.9,20.7,454,13.4,9.0,162,4.8,587,17.3,5
hampton,31,14,17,45.2,2171.0,70.0,47.5,89.2,678,1731,39.2,445,668,66.6,135,513,26.3,43.1,47.3,38.6,56.1,23.0,20.9,0.89,1936,62.5,50.7,1196,38.6,34.1,394,12.7,67.3,802,25.9,92,3.0,51.9,352,11.4,0.67,10.6,231,7.5,24.3,527,17.0,8.6,148,4.8,635,20.5,16
hartford,31,17,14,54.8,1991.0,66.4,45.0,93.6,645,1578,40.9,338,485,69.7,235,703,33.4,48.3,51.5,30.7,44.0,18.1,37.8,0.94,1863,60.1,47.6,920,29.7,26.0,264,8.5,69.1,656,21.2,105,3.4,59.2,382,12.3,0.86,12.7,253,8.2,22.2,442,14.3,4.1,61,2.0,585,18.9,17
harvard,30,20,10,66.7,1939.0,64.6,49.1,105.7,677,1425,47.5,504,697,72.3,191,480,39.8,54.2,58.3,48.9,47.4,24.6,28.0,1.06,2049,68.3,47.4,882,29.4,26.0,219,7.3,68.7,663,22.1,85,2.8,57.9,392,13.1,0.98,11.2,218,7.3,20.6,399,13.3,7.9,126,4.2,457,15.2,12
hawaii,32,17,15,53.1,2239.0,70.0,53.3,104.3,836,1850,45.2,469,683,68.7,195,569,34.3,50.5,53.7,36.9,54.9,20.1,25.0,1.04,2336,73.0,53.3,1234,38.6,35.9,397,12.4,70.7,837,26.2,110,3.4,53.1,444,13.9,0.96,7.6,170,5.3,20.6,462,14.4,5.7,110,3.4,532,16.6,5
high-point,31,17,14,54.8,2105.0,67.9,55.0,105.5,823,1841,44.7,437,609,71.8,138,442,31.2,48.5,52.1,33.1,61.7,19.7,18.6,1.06,2221,71.6,52.0,1154,37.2,35.4,396,12.8,68.6,758,24.5,97,3.1,55.3,455,14.7,1.21,10.8,227,7.3,17.9,376,12.1,7.9,134,4.3,578,18.6,9
hofstra,32,7,25,21.9,2094.0,65.4,48.9,89.4,658,1719,38.3,416,664,62.7,141,486,29.0,42.4,46.0,38.6,55.2,22.2,22.6,0.89,1873,58.5,50.1,1110,34.7,34.2,408,12.8,65.9,702,21.9,94,2.9,47.4,312,9.8,0.67,9.7,203,6.3,22.1,463,14.5,6.3,110,3.4,538,16.8,14
holy-cross,30,12,18,40.0,1877.0,62.6,47.5,97.7,644,1555,41.4,351,466,75.3,195,571,34.2,47.7,51.6,30.0,49.0,19.1,31.9,0.98,1834,61.1,49.3,1002,33.4,28.2,272,9.1,70.4,730,24.3,101,3.4,56.8,366,12.2,0.98,6.2,116,3.9,19.8,372,12.4,6.4,105,3.5,513,17.1,4
houston,33,20,13,60.6,2375.0,72.0,54.7,108.5,912,1965,46.4,555,782,71.0,199,551,36.1,51.5,55.2,39.8,55.3,21.5,23.2,1.09,2578,78.1,51.4,1278,38.7,34.1,400,12.1,68.6,878,26.6,98,3.0,54.8,500,15.2,1.15,9.3,221,6.7,18.2,433,13.1,6.3,127,3.8,599,18.2,11
houston-baptist,31,14,17,45.2,2192.0,70.7,47.9,90.4,712,1720,41.4,417,628,66.4,141,441,32.0,45.5,49.1,36.5,57.6,21.0,21.3,0.9,1982,63.9,50.7,1116,36.0,33.3,368,11.9,68.1,748,24.1,122,3.9,49.0,349,11.3,0.65,9.8,215,6.9,24.4,534,17.2,5.0,86,2.8,613,19.8,13
howard,31,7,24,22.6,1924.0,62.1,47.0,83.9,572,1567,36.5,370,558,66.3,101,408,24.8,39.7,44.1,35.6,58.3,22.9,18.8,0.84,1615,52.1,50.5,1053,34.0,35.1,381,12.3,65.9,672,21.7,115,3.7,48.1,275,8.9,0.6,10.2,196,6.3,24.0,461,14.9,6.5,102,3.3,538,17.4,16
idaho,30,12,18,40.0,1915.0,63.8,52.1,107.0,715,1532,46.7,428,576,74.3,192,522,36.8,52.9,56.8,37.6,51.0,20.9,28.1,1.07,2050,68.3,52.3,1030,34.3,33.1,294,9.8,71.5,736,24.5,89,3.0,55.1,394,13.1,0.98,6.4,123,4.1,21.1,404,13.5,5.0,85,2.8,499,16.6,9
idaho-state,30,6,24,20.0,1827.0,60.9,45.7,93.6,587,1444,40.7,373,548,68.1,163,515,31.7,46.3,50.2,38.0,49.6,21.8,28.6,0.94,1710,57.0,45.4,855,28.5,25.1,237,7.9,65.6,618,20.6,90,3.0,52.3,307,10.2,0.85,11.4,209,7.0,19.8,361,12.0,6.6,100,3.3,473,15.8,5
illinois,36,23,13,63.9,2364.0,65.7,51.5,104.3,858,2084,41.2,469,646,72.6,280,873,32.1,47.9,51.6,31.0,46.9,19.0,34.1,1.04,2465,68.5,50.0,1215,33.8,33.1,427,11.9,66.8,788,21.9,117,3.3,42.5,365,10.1,0.89,10.4,245,6.8,17.4,411,11.4,7.4,142,3.9,648,18.0,15
illinois-state,33,18,15,54.5,2303.0,69.8,51.7,109.1,871,1914,45.5,476,658,72.3,242,697,34.7,51.8,56.4,34.4,50.1,18.9,28.9,1.09,2512,76.1,49.1,1159,35.1,29.5,342,10.4,68.6,817,24.8,86,2.6,56.3,490,14.8,1.14,10.4,239,7.2,18.7,431,13.1,7.7,144,4.4,599,18.2,11
incarnate-word,NULL
indiana,36,29,7,80.6,2433.0,67.6,56.9,116.4,951,1971,48.2,672,904,74.3,257,637,40.3,54.8,59.0,45.9,49.0,23.7,27.2,1.16,2831,78.6,53.9,1378,38.3,39.0,438,12.2,68.7,940,26.1,108,3.0,54.0,514,14.3,1.1,10.5,256,7.1,19.2,468,13.0,6.2,130,3.6,598,16.6,5
indiana-state,33,18,15,54.5,2187.0,66.3,47.9,98.7,733,1709,42.9,507,717,70.7,186,579,32.1,48.3,52.7,42.0,50.7,23.5,25.8,0.99,2159,65.4,48.7,1111,33.7,26.9,290,8.8,70.4,821,24.9,108,3.3,53.2,390,11.8,0.91,8.5,185,5.6,19.5,427,12.9,5.9,107,3.2,583,17.7,7
iona,34,20,14,58.8,2458.0,72.3,53.5,111.2,956,2106,45.4,538,689,78.1,283,771,36.7,52.1,56.2,32.7,49.2,19.7,31.1,1.11,2733,80.4,49.7,1229,36.1,32.8,395,11.6,66.6,834,24.5,135,4.0,54.7,523,15.4,1.25,9.0,222,6.5,17.1,420,12.4,4.8,101,3.0,582,17.1,14
iowa,38,25,13,65.8,2556.0,67.3,53.3,104.3,903,2156,41.9,655,896,73.1,204,668,30.5,46.6,51.6,41.6,52.5,24.6,23.0,1.04,2665,70.1,52.9,1484,39.1,36.4,499,13.1,69.4,985,25.9,119,3.1,63.5,573,15.1,1.2,10.3,263,6.9,18.6,476,12.5,8.4,183,4.8,648,17.1,5
iowa-state,35,23,12,65.7,2486.0,71.0,53.8,111.8,962,2111,45.6,509,696,73.1,346,924,37.4,53.8,56.9,33.0,44.3,18.3,37.4,1.12,2779,79.4,52.9,1341,38.3,34.2,422,12.1,71.5,919,26.3,103,2.9,58.2,560,16.0,1.22,9.0,223,6.4,18.5,460,13.1,4.7,97,2.8,593,16.9,12
iupu-fort-wayne,33,16,17,48.5,2200.0,66.7,50.6,100.6,777,1771,43.9,437,681,64.2,222,620,35.8,50.1,52.8,38.5,50.2,19.7,30.1,1.01,2213,67.1,53.0,1119,33.9,31.3,346,10.5,74.8,773,23.4,87,2.6,53.2,413,12.5,0.92,11.4,250,7.6,20.4,449,13.6,5.1,87,2.6,583,17.7,7
iupui,32,6,26,18.8,2150.0,67.2,47.4,97.5,790,1785,44.3,294,439,67.0,222,621,35.7,50.5,52.6,24.6,54.2,14.0,31.8,0.97,2096,65.5,45.0,930,29.1,23.4,249,7.8,66.5,681,21.3,84,2.6,53.2,420,13.1,1.03,8.2,177,5.5,18.9,406,12.7,4.0,75,2.3,506,15.8,6
jackson-state,29,11,18,37.9,2039.0,70.3,46.2,94.2,647,1659,39.0,445,637,69.9,181,580,31.2,44.5,48.9,38.4,48.5,23.2,28.3,0.94,1920,66.2,46.1,923,31.8,27.3,290,10.0,64.9,633,21.8,74,2.6,42.5,275,9.5,0.75,11.8,241,8.3,18.1,369,12.7,3.9,65,2.2,568,19.6,10
jacksonville,32,14,18,43.8,2254.0,70.4,49.9,96.8,774,1831,42.3,467,664,70.3,166,512,32.4,46.8,50.8,36.3,55.8,21.4,22.8,0.97,2181,68.2,50.6,1154,36.1,33.1,384,12.0,68.1,770,24.1,88,2.8,53.5,414,12.9,0.85,9.5,215,6.7,21.7,488,15.2,5.7,104,3.2,615,19.2,12
jacksonville-state,28,17,11,60.7,1802.0,64.4,51.7,103.1,637,1433,44.5,424,625,67.8,159,450,35.3,50.0,53.7,43.6,51.5,22.8,25.7,1.03,1857,66.3,46.5,805,28.8,32.4,292,10.4,60.5,513,18.3,81,2.9,57.0,363,13.0,0.99,13.2,237,8.5,20.3,365,13.0,8.1,116,4.1,472,16.9,6
james-madison,36,21,15,58.3,2325.0,64.6,50.5,100.9,818,1941,42.1,499,714,69.9,211,628,33.6,47.6,51.4,36.8,51.7,21.3,27.0,1.01,2346,65.2,49.2,1179,32.8,29.6,365,10.1,68.9,814,22.6,115,3.2,51.7,423,11.8,1.05,11.7,272,7.6,17.2,401,11.1,8.9,166,4.6,620,17.2,11
kansas,37,31,6,83.8,2549.0,68.9,53.9,109.1,985,2049,48.1,596,809,73.7,216,594,36.4,53.3,57.2,39.5,55.3,21.4,23.3,1.09,2782,75.2,52.3,1450,39.2,33.8,399,10.8,70.7,1051,28.4,96,2.6,58.4,575,15.5,1.11,10.2,260,7.0,20.3,517,14.0,11.3,247,6.7,620,16.8,10
kansas-state,35,27,8,77.1,2225.0,63.6,55.8,108.5,872,2002,43.6,432,631,68.5,238,658,36.2,49.5,52.4,31.5,52.5,17.9,29.6,1.08,2414,69.0,52.9,1235,35.3,38.7,470,13.4,67.1,765,21.9,90,2.6,63.9,557,15.9,1.38,11.1,247,7.1,18.1,403,11.5,7.2,129,3.7,631,18.0,10
kennesaw-state,30,3,27,10.0,1974.0,65.8,48.0,92.8,644,1609,40.0,391,601,65.1,152,502,30.3,44.7,48.3,37.4,53.7,21.4,24.9,0.93,1831,61.0,48.8,913,30.4,30.7,328,10.9,66.9,585,19.5,115,3.8,48.4,312,10.4,0.75,10.7,211,7.0,21.0,414,13.8,3.3,50,1.7,603,20.1,14
kent-state,35,21,14,60.0,2344.0,67.0,52.8,106.0,823,1921,42.8,597,842,70.9,241,669,36.0,49.1,53.5,43.8,46.9,24.0,29.1,1.06,2484,71.0,50.9,1240,35.4,34.9,427,12.2,66.9,813,23.2,124,3.5,48.8,402,11.5,0.9,10.0,235,6.7,19.1,447,12.8,4.9,93,2.7,684,19.5,17
kentucky,33,21,12,63.6,2221.0,67.3,55.3,107.9,863,1815,47.5,486,757,64.2,184,532,34.6,52.6,55.1,41.7,56.7,20.3,23.0,1.08,2396,72.6,51.8,1249,37.8,34.7,379,11.5,68.8,870,26.4,86,2.6,51.1,441,13.4,1.03,8.3,185,5.6,19.4,430,13.0,11.2,217,6.6,566,17.2,15
la-salle,34,24,10,70.6,2276.0,66.9,51.8,107.6,871,1931,45.1,446,605,73.7,262,695,37.7,51.9,55.2,31.3,49.7,18.2,32.1,1.08,2450,72.1,47.4,1062,31.2,29.0,332,9.8,65.8,730,21.5,104,3.1,55.2,481,14.1,1.23,11.6,263,7.7,17.1,390,11.5,6.2,119,3.5,520,15.3,10
lafayette,34,19,15,55.9,2245.0,66.0,49.1,104.6,842,1842,45.7,389,516,75.4,276,718,38.4,53.2,56.3,28.0,48.2,16.6,35.2,1.05,2349,69.1,46.5,1014,29.8,25.4,270,7.9,67.6,744,21.9,118,3.5,57.7,486,14.3,1.15,10.3,231,6.8,18.9,424,12.5,5.7,107,3.1,530,15.6,5
lamar,31,3,28,9.7,2211.0,71.3,46.4,84.2,710,1741,40.8,385,548,70.3,57,188,30.3,42.4,46.5,31.5,70.1,20.7,9.2,0.84,1862,60.1,49.0,1138,36.7,32.4,359,11.6,65.6,779,25.1,122,3.9,49.7,353,11.4,0.63,6.0,133,4.3,25.5,564,18.2,6.4,128,4.1,508,16.4,11
lehigh,31,21,10,67.7,2065.0,66.6,51.9,109.7,788,1705,46.2,455,617,73.7,235,600,39.2,53.1,56.7,36.2,48.8,20.1,31.1,1.1,2266,73.1,46.8,1016,32.8,27.2,272,8.8,66.4,744,24.0,111,3.6,57.5,453,14.6,1.34,10.6,219,7.1,16.4,339,10.9,5.9,105,3.4,478,15.4,9
liberty,36,15,21,41.7,2423.0,67.3,49.5,102.7,838,1954,42.9,562,770,73.0,251,669,37.5,49.3,53.6,39.4,47.2,22.6,30.3,1.03,2489,69.1,48.7,1279,35.5,29.7,367,10.2,67.7,912,25.3,115,3.2,52.9,443,12.3,0.92,8.1,197,5.5,19.8,479,13.3,5.0,105,2.9,685,19.0,8
lipscomb,30,12,18,40.0,2154.0,71.8,51.0,98.1,717,1690,42.4,486,753,64.5,159,497,32.0,47.1,51.6,44.6,52.8,23.0,22.6,0.98,2113,70.4,52.3,1146,38.2,36.1,401,13.4,68.5,745,24.8,95,3.2,48.1,345,11.5,0.68,9.7,209,7.0,23.4,504,16.8,3.0,52,1.7,657,21.9,17
long-beach-state,33,19,14,57.6,2257.0,68.4,51.1,101.5,811,1836,44.2,446,675,66.1,223,656,34.0,50.2,53.1,36.8,51.3,19.5,29.2,1.02,2291,69.4,48.7,1151,34.9,32.7,374,11.3,64.6,777,23.5,88,2.7,49.1,398,12.1,0.82,9.5,214,6.5,21.5,485,14.7,5.9,114,3.5,570,17.3,5
long-island,34,20,14,58.8,2397.0,70.5,55.1,111.7,915,1909,47.9,601,870,69.1,246,647,38.0,54.4,57.6,45.6,50.0,22.5,27.6,1.12,2677,78.7,50.8,1203,35.4,35.2,405,11.9,66.4,798,23.5,120,3.5,56.3,515,15.1,1.06,9.7,232,6.8,20.3,486,14.3,5.7,117,3.4,597,17.6,17
longwood,33,8,25,24.2,2397.0,72.6,48.3,94.7,841,1898,44.3,421,593,71.0,167,524,31.9,48.7,52.1,31.2,59.4,18.5,22.1,0.95,2270,68.8,47.8,1097,33.2,29.8,341,10.3,65.7,756,22.9,94,2.8,54.6,459,13.9,0.84,9.4,226,6.8,22.9,548,16.6,4.7,96,2.9,592,17.9,13
louisiana-lafayette,33,13,20,39.4,2368.0,71.8,49.2,105.7,827,1935,42.7,457,681,67.1,226,663,34.1,48.6,55.4,35.2,48.0,18.3,27.1,1.06,2503,75.8,47.0,1128,34.2,29.1,354,10.7,64.9,774,23.5,109,3.3,44.4,367,11.1,0.79,9.9,235,7.1,19.7,466,14.1,6.4,121,3.7,622,18.8,15
louisiana-tech,34,27,7,79.4,2398.0,70.5,52.6,103.0,857,2092,41.0,503,722,69.7,253,787,32.1,47.0,50.7,34.5,48.9,20.4,30.7,1.03,2470,72.6,50.7,1303,38.3,34.5,465,13.7,66.8,838,24.6,135,4.0,53.0,454,13.4,1.08,12.9,309,9.1,17.6,421,12.4,8.8,168,4.9,624,18.4,8
louisiana-monroe,27,4,23,14.8,1824.0,67.6,45.8,94.9,602,1409,42.7,256,444,57.7,161,462,34.8,48.4,53.4,31.5,51.0,14.8,27.9,0.95,1731,64.1,46.6,798,29.6,27.3,245,9.1,65.9,553,20.5,85,3.1,61.0,367,13.6,0.84,10.6,194,7.2,24.1,439,16.3,2.5,36,1.3,498,18.4,18
louisville,40,35,5,87.5,2698.0,67.5,56.5,110.4,1048,2300,45.6,652,920,70.9,230,691,33.3,50.6,54.4,40.0,54.9,21.9,23.2,1.1,2978,74.5,52.5,1471,36.8,38.2,531,13.3,66.7,940,23.5,86,2.2,55.7,584,14.6,1.18,15.9,430,10.8,18.3,494,12.4,8.0,168,4.2,727,18.2,8
loyola-il,31,15,16,48.4,1962.0,63.3,50.4,101.7,708,1586,44.6,395,550,71.8,184,505,36.4,50.4,54.0,34.7,52.5,19.8,27.7,1.02,1995,64.4,51.6,1030,33.2,30.6,296,9.5,72.7,734,23.7,121,3.9,60.7,430,13.9,1.05,8.0,157,5.1,20.8,408,13.2,5.1,83,2.7,480,15.5,6
loyola-md,35,23,12,65.7,2269.0,64.8,54.2,103.2,826,1919,43.0,542,786,69.0,147,492,29.9,46.9,51.1,41.0,58.0,23.2,18.8,1.03,2341,66.9,50.4,1209,34.5,37.0,441,12.6,63.8,768,21.9,118,3.4,51.1,422,12.1,1.01,11.0,250,7.1,18.4,418,11.9,8.4,155,4.4,648,18.5,12
loyola-marymount,34,11,23,32.4,2268.0,66.7,50.1,104.6,769,1915,40.2,466,663,70.3,198,599,33.1,45.3,53.2,34.6,48.1,19.6,25.0,1.05,2372,69.8,50.9,1196,35.2,33.4,416,12.2,68.4,780,22.9,101,3.0,47.7,367,10.8,0.82,10.8,246,7.2,19.8,450,13.2,4.6,83,2.4,629,18.5,26
lsu,31,19,12,61.3,2173.0,70.1,52.1,101.0,788,1839,42.8,384,614,62.5,234,658,35.6,49.2,51.5,33.4,50.5,17.5,32.0,1.01,2194,70.8,49.8,1150,37.1,34.4,402,13.0,65.2,748,24.1,95,3.1,56.1,442,14.3,1.0,13.0,282,9.1,20.4,444,14.3,6.7,119,3.8,584,18.8,14
maine,30,11,19,36.7,2073.0,69.1,49.5,95.9,733,1688,43.4,366,559,65.5,156,530,29.4,48.0,50.9,33.1,58.0,18.4,23.5,0.96,1988,66.3,50.0,1118,37.3,30.6,326,10.9,69.5,792,26.4,112,3.7,52.4,384,12.8,0.85,10.1,209,7.0,21.7,450,15.0,6.9,123,4.1,547,18.2,18
manhattan,32,14,18,43.8,2015.0,63.0,46.7,92.6,614,1506,40.8,456,689,66.2,181,538,33.6,46.8,50.9,45.8,46.4,24.5,29.1,0.93,1865,58.3,49.8,1028,32.1,31.9,329,10.3,67.7,699,21.8,110,3.4,55.5,341,10.7,0.66,10.5,212,6.6,25.6,515,16.1,8.7,134,4.2,674,21.1,14
marist,31,10,21,32.3,2127.0,68.6,47.5,96.1,710,1670,42.5,428,661,64.8,197,569,34.6,48.4,51.5,39.6,50.2,20.9,28.9,0.96,2045,66.0,47.0,1018,32.8,27.0,293,9.5,66.9,725,23.4,78,2.5,55.8,396,12.8,0.89,9.1,194,6.3,20.8,443,14.3,7.1,128,4.1,530,17.1,14
marquette,35,26,9,74.3,2249.0,64.3,54.4,105.9,842,1844,45.7,551,755,73.0,147,497,29.6,49.6,54.1,40.9,58.4,23.1,18.5,1.06,2382,68.1,52.6,1240,35.4,38.3,417,11.9,66.9,823,23.5,124,3.5,57.4,483,13.8,1.03,10.3,231,6.6,20.9,470,13.4,6.4,123,3.5,590,16.9,6
marshall,32,13,19,40.6,2218.0,69.3,53.3,99.5,767,1796,42.7,476,796,59.8,198,646,30.7,48.2,50.8,44.3,51.5,21.6,26.9,1.0,2208,69.0,51.2,1214,37.9,38.0,460,14.4,64.4,754,23.6,114,3.6,58.4,448,14.0,0.89,9.3,207,6.5,22.8,506,15.8,7.7,145,4.5,617,19.3,19
maryland,38,25,13,65.8,2565.0,67.5,53.8,104.8,986,2124,46.4,497,732,67.9,219,646,33.9,51.6,54.4,34.5,57.1,18.5,24.4,1.05,2688,70.7,54.5,1534,40.4,36.9,464,12.2,72.1,1070,28.2,115,3.0,55.9,551,14.5,0.97,7.6,195,5.1,22.2,569,15.0,7.4,166,4.4,633,16.7,10
maryland-baltimore-county,31,8,23,25.8,2129.0,68.7,47.5,92.5,718,1763,40.7,328,520,63.1,206,611,33.7,46.6,49.0,29.5,52.0,16.6,31.4,0.93,1970,63.5,48.3,1030,33.2,29.1,335,10.8,67.5,695,22.4,84,2.7,51.3,368,11.9,0.81,10.5,223,7.2,21.4,455,14.7,4.1,69,2.2,625,20.2,19
maryland-eastern-shore,28,2,26,7.1,1824.0,65.1,46.9,84.2,538,1507,35.7,336,532,63.2,123,452,27.2,39.8,43.6,35.3,54.1,21.9,24.0,0.84,1535,54.8,50.4,944,33.7,34.9,370,13.2,66.0,574,20.5,116,4.1,48.5,261,9.3,0.61,10.3,187,6.7,23.5,429,15.3,4.8,72,2.6,462,16.5,13
massachusetts,33,21,12,63.6,2347.0,71.1,50.7,102.6,838,1932,43.4,497,691,71.9,235,699,33.6,49.5,53.3,35.8,50.1,20.6,29.3,1.03,2408,73.0,49.9,1217,36.9,32.4,383,11.6,67.4,834,25.3,108,3.3,57.5,482,14.6,1.01,10.6,248,7.5,20.3,476,14.4,8.7,172,5.2,632,19.2,21
mcneese-state,31,14,17,45.2,2095.0,67.6,51.8,98.1,771,1847,41.7,353,549,64.3,160,485,33.0,46.1,48.7,29.7,59.5,17.2,23.4,0.98,2055,66.3,47.5,1089,35.1,32.2,379,12.2,62.7,710,22.9,80,2.6,49.3,380,12.3,1.02,11.6,242,7.8,17.8,373,12.0,8.3,149,4.8,532,17.2,10
memphis,36,31,5,86.1,2520.0,70.0,54.5,106.4,976,2071,47.1,509,771,66.0,220,592,37.2,52.4,55.0,37.2,56.4,19.0,24.6,1.06,2681,74.5,52.3,1350,37.5,35.7,439,12.2,68.8,911,25.3,107,3.0,62.0,605,16.8,1.16,12.7,321,8.9,20.8,523,14.5,11.3,231,6.4,651,18.1,21
mercer,36,24,12,66.7,2278.0,63.3,49.7,104.1,807,1856,43.5,492,653,75.3,265,746,35.5,50.6,54.7,35.2,45.7,20.8,33.5,1.04,2371,65.9,49.1,1159,32.2,30.6,342,9.5,67.6,817,22.7,114,3.2,63.9,516,14.3,1.14,10.5,239,6.6,19.9,454,12.6,8.0,145,4.0,644,17.9,11
miami-fl,36,29,7,80.6,2310.0,64.2,53.7,108.6,895,1968,45.5,465,680,68.4,254,701,36.2,51.9,54.8,34.6,51.1,18.5,30.4,1.09,2509,69.7,51.5,1287,35.8,31.3,369,10.3,71.6,918,25.5,108,3.0,45.6,408,11.3,1.06,9.7,223,6.2,16.7,385,10.7,8.0,159,4.4,525,14.6,7
miami-oh,31,9,22,29.0,2033.0,65.6,47.4,96.1,687,1598,43.0,402,591,68.0,178,537,33.1,48.6,52.0,37.0,52.1,20.6,27.3,0.96,1954,63.0,46.8,910,29.4,27.6,279,9.0,65.9,631,20.4,89,2.9,55.2,379,12.2,0.86,12.7,258,8.3,21.7,441,14.2,4.6,74,2.4,558,18.0,8
michigan,39,31,8,79.5,2525.0,64.7,57.4,116.1,1093,2260,48.4,450,642,70.1,296,769,38.5,54.9,57.2,28.4,54.4,15.3,30.3,1.16,2932,75.2,51.7,1366,35.0,32.7,416,10.7,70.6,950,24.4,120,3.1,51.7,565,14.5,1.54,9.5,239,6.1,14.6,368,9.4,4.9,108,2.8,496,12.7,1
michigan-state,36,27,9,75.0,2329.0,66.5,54.1,105.1,882,1921,45.9,507,710,71.4,177,523,33.8,50.5,54.2,37.0,57.6,20.7,21.7,1.05,2448,68.0,54.6,1361,37.8,36.4,421,11.7,72.7,940,26.1,120,3.3,53.7,474,13.2,0.97,12.4,289,8.0,21.0,489,13.6,7.2,140,3.9,579,16.1,3
middle-tennessee-state,34,28,6,82.4,2245.0,66.0,54.6,107.1,848,1835,46.2,528,759,69.6,181,480,37.7,51.1,54.8,41.4,55.5,22.0,22.6,1.07,2405,70.7,53.8,1243,36.6,36.5,407,12.0,71.0,836,24.6,96,2.8,56.7,481,14.1,1.04,10.6,238,7.0,20.7,464,13.6,7.5,128,3.8,700,20.6,8
wisconsin-milwaukee,32,8,24,25.0,2146.0,67.1,46.3,93.5,675,1741,38.8,432,632,68.4,223,708,31.5,45.2,49.2,36.3,45.0,21.5,33.3,0.94,2007,62.7,47.3,1064,33.2,29.0,341,10.7,65.5,723,22.6,132,4.1,51.9,350,10.9,0.77,8.0,172,5.4,21.1,453,14.2,6.1,114,3.6,523,16.3,12
minnesota,34,21,13,61.8,2166.0,63.7,57.1,107.9,815,1838,44.3,523,764,68.5,184,546,33.7,49.3,53.1,41.6,54.0,22.4,23.6,1.08,2337,68.7,55.2,1308,38.5,43.6,501,14.7,66.8,807,23.7,122,3.6,61.7,503,14.8,1.08,11.7,253,7.4,21.6,467,13.7,10.3,187,5.5,605,17.8,6
mississippi-state,32,10,22,31.3,2200.0,68.8,45.7,88.2,670,1672,40.1,449,683,65.7,151,531,28.4,44.6,48.6,40.8,53.5,23.1,23.4,0.88,1940,60.6,47.2,1065,33.3,30.5,343,10.7,63.9,722,22.6,105,3.3,47.9,321,10.0,0.59,11.7,257,8.0,24.8,545,17.0,6.6,124,3.9,519,16.2,21
mississippi-valley-state,28,5,23,17.9,1988.0,71.0,46.2,88.8,593,1604,37.0,410,633,64.8,169,557,30.3,42.2,46.3,39.5,48.0,23.2,28.7,0.89,1765,63.0,47.1,946,33.8,31.6,346,12.4,62.5,600,21.4,102,3.6,45.7,271,9.7,0.63,10.0,198,7.1,21.5,427,15.3,4.5,71,2.5,564,20.1,14
missouri,34,23,11,67.6,2337.0,68.7,56.1,110.7,924,2015,45.9,525,706,74.4,215,635,33.9,51.2,55.1,35.0,54.8,20.3,24.9,1.11,2588,76.1,55.1,1385,40.7,38.7,454,13.4,71.4,931,27.4,119,3.5,51.1,472,13.9,1.07,9.8,229,6.7,18.9,442,13.0,5.9,119,3.5,567,16.7,6
missouri-state,33,11,22,33.3,2043.0,61.9,48.4,104.2,698,1721,40.6,391,584,67.0,179,602,29.7,45.8,53.2,33.9,48.8,18.4,25.2,1.04,2128,64.5,47.7,980,29.7,26.5,297,9.0,69.0,683,20.7,69,2.1,47.9,334,10.1,0.99,7.6,156,4.7,16.4,336,10.2,2.8,46,1.4,584,17.7,11
missouri-kansas-city,32,8,24,25.0,2084.0,67.2,47.1,93.6,703,1667,42.2,345,512,67.4,199,585,34.0,48.1,51.0,30.7,51.7,17.7,30.6,0.94,1950,60.9,49.6,983,30.7,29.8,310,9.7,69.5,673,21.0,82,2.6,44.8,315,9.8,0.65,9.1,189,5.9,23.1,482,15.1,5.9,97,3.0,595,18.6,9
monmouth,31,10,21,32.3,2196.0,70.8,47.1,91.5,715,1800,39.7,410,581,70.6,169,545,31.0,44.4,48.4,32.3,54.4,20.4,25.2,0.91,2009,64.8,47.3,1012,32.6,29.8,350,11.3,64.8,662,21.4,152,4.9,52.7,377,12.2,0.82,12.4,273,8.8,20.9,460,14.8,2.7,46,1.5,631,20.4,14
montana,32,25,7,78.1,2080.0,65.0,49.8,107.6,760,1635,46.5,499,651,76.7,219,589,37.2,53.2,57.6,39.8,48.3,22.3,29.4,1.08,2238,69.9,47.6,999,31.2,25.9,248,7.8,69.2,751,23.5,94,2.9,53.3,405,12.7,1.04,9.0,187,5.8,18.8,391,12.2,5.8,100,3.1,543,17.0,11
montana-state,30,13,17,43.3,2044.0,68.1,51.1,103.6,733,1717,42.7,450,626,71.9,202,599,33.7,48.6,52.6,36.5,50.1,21.2,28.6,1.04,2118,70.6,49.9,965,32.2,29.9,324,10.8,70.0,641,21.4,82,2.7,46.2,339,11.3,0.96,11.6,238,7.9,17.3,353,11.8,3.2,51,1.7,536,17.9,7
morehead-state,33,15,18,45.5,2373.0,71.9,52.7,101.0,842,1934,43.5,511,739,69.1,201,626,32.1,48.7,52.4,38.2,53.5,21.3,25.2,1.01,2396,72.6,55.4,1224,37.1,40.0,480,14.5,70.8,743,22.5,116,3.5,58.1,489,14.8,0.85,12.4,295,8.9,24.1,573,17.4,5.8,96,2.9,815,24.7,25
morgan-state,32,17,15,53.1,2188.0,68.4,54.5,98.8,806,1807,44.6,417,708,58.9,133,456,29.2,48.3,50.4,39.2,62.3,19.3,18.5,0.99,2162,67.6,51.2,1189,37.2,38.0,445,13.9,64.4,744,23.3,119,3.7,50.9,410,12.8,0.84,9.4,206,6.4,22.3,487,15.2,9.4,170,5.3,568,17.8,9
mount-st-marys,32,18,14,56.3,2172.0,67.9,49.6,102.8,778,1813,42.9,403,578,69.7,274,811,33.8,50.5,53.5,31.9,45.1,18.0,36.8,1.03,2233,69.8,47.4,937,29.3,28.6,319,10.0,66.1,618,19.3,80,2.5,50.0,389,12.2,0.98,12.4,269,8.4,18.3,398,12.4,4.0,67,2.1,623,19.5,6
murray-state,31,21,10,67.7,2111.0,68.1,52.7,108.1,776,1716,45.2,462,669,69.1,243,701,34.7,52.3,56.1,39.0,46.7,20.3,32.0,1.08,2281,73.6,51.1,1112,35.9,33.7,356,11.5,68.4,756,24.4,94,3.0,51.2,397,12.8,0.92,9.9,210,6.8,20.5,433,14.0,5.9,103,3.3,536,17.3,7
navy,31,8,23,25.8,1884.0,60.8,46.5,90.7,628,1605,39.1,281,448,62.7,172,528,32.6,44.5,47.0,27.9,53.4,16.4,30.2,0.91,1709,55.1,46.4,921,29.7,26.3,280,9.0,66.4,641,20.7,104,3.4,58.0,364,11.7,1.05,9.7,183,5.9,18.5,348,11.2,4.5,68,2.2,525,16.9,4
north-carolina-state,35,24,11,68.6,2410.0,68.9,57.1,112.4,985,1987,49.6,554,813,68.1,184,471,39.1,54.2,57.1,40.9,59.2,20.5,20.4,1.12,2708,77.4,51.1,1286,36.7,34.7,396,11.3,67.4,890,25.4,100,2.9,51.9,511,14.6,1.18,9.4,227,6.5,18.0,433,12.4,6.9,147,4.2,544,15.5,13
nebraska,33,15,18,45.5,2033.0,61.6,48.1,94.6,708,1741,40.7,342,494,69.2,165,537,30.7,45.4,48.7,28.4,56.5,17.8,25.7,0.95,1923,58.3,47.8,1044,31.6,26.4,297,9.0,69.1,747,22.6,119,3.6,45.8,324,9.8,0.93,8.2,167,5.1,17.2,350,10.6,6.1,103,3.1,571,17.3,14
nebraska-omaha,30,10,20,33.3,2143.0,71.4,48.6,99.9,801,1727,46.4,353,509,69.4,186,512,36.3,51.8,54.4,29.5,57.4,16.5,26.1,1.0,2141,71.4,44.0,899,30.0,24.8,249,8.3,63.1,650,21.7,69,2.3,50.6,405,13.5,0.93,9.1,196,6.5,20.3,435,14.5,4.4,83,2.8,512,17.1,12
nevada,31,12,19,38.7,2090.0,67.4,49.0,100.1,703,1671,42.1,503,690,72.9,183,595,30.8,47.5,52.3,41.3,49.7,24.0,26.2,1.0,2092,67.5,48.9,1028,33.2,29.2,310,10.0,68.6,718,23.2,127,4.1,49.9,351,11.3,0.89,8.2,172,5.5,18.9,396,12.8,5.8,99,3.2,590,19.0,10
new-hampshire,29,9,20,31.0,1885.0,65.0,47.3,92.6,609,1566,38.9,348,545,63.9,179,581,30.8,44.6,47.8,34.8,49.3,19.9,30.8,0.93,1745,60.2,49.1,1009,34.8,27.9,298,10.3,70.3,711,24.5,100,3.4,49.9,304,10.5,0.87,9.0,169,5.8,18.6,351,12.1,5.2,82,2.8,498,17.2,4
new-jersey-tech,29,16,13,55.2,2037.0,70.2,51.7,100.2,702,1667,42.1,455,678,67.1,183,495,37.0,47.6,51.3,40.7,50.8,22.3,26.9,1.0,2042,70.4,51.9,1137,39.2,35.6,380,13.1,68.2,757,26.1,115,4.0,53.3,374,12.9,0.88,12.4,253,8.7,20.8,424,14.6,8.9,147,5.1,567,19.6,17
new-mexico,35,29,6,82.9,2280.0,65.1,49.8,103.3,768,1815,42.3,598,829,72.1,221,629,35.1,48.4,53.3,45.7,46.5,25.4,28.2,1.03,2355,67.3,50.9,1232,35.2,29.3,335,9.6,72.4,897,25.6,109,3.1,65.8,505,14.4,1.26,9.6,220,6.3,17.6,402,11.5,6.9,134,3.8,542,15.5,12
new-mexico-state,35,24,11,68.6,2297.0,65.6,54.0,102.5,832,1828,45.5,554,845,65.6,137,438,31.3,49.3,52.8,46.2,59.0,23.5,17.5,1.03,2355,67.3,53.9,1320,37.7,37.3,429,12.3,70.5,891,25.5,85,2.4,48.2,401,11.5,0.79,8.6,198,5.7,22.0,506,14.5,9.9,193,5.5,525,15.0,7
new-orleans,26,8,18,30.8,1933.0,74.3,48.6,92.7,666,1513,44.0,368,557,66.1,91,316,28.8,47.0,50.4,36.8,64.2,20.5,15.2,0.93,1791,68.9,48.2,909,35.0,30.9,293,11.3,65.4,616,23.7,96,3.7,53.9,359,13.8,0.78,11.6,224,8.6,23.8,461,17.7,4.9,75,2.9,531,20.4,15
niagara,33,19,14,57.6,2308.0,69.9,52.9,105.5,837,1982,42.2,521,754,69.1,241,738,32.7,48.3,52.0,38.0,48.9,21.4,29.7,1.06,2436,73.8,49.8,1166,35.3,32.5,412,12.5,67.0,754,22.8,138,4.2,50.7,424,12.8,1.12,11.4,262,7.9,16.4,379,11.5,4.9,89,2.7,653,19.8,15
nicholls-state,30,9,21,30.0,2045.0,68.2,50.3,98.8,713,1627,43.8,435,651,66.8,159,521,30.5,48.7,52.2,40.0,54.9,21.5,23.6,0.99,2020,67.3,47.5,949,31.6,30.1,313,10.4,64.9,636,21.2,122,4.1,52.9,377,12.6,0.91,9.3,190,6.3,20.2,414,13.8,4.0,66,2.2,564,18.8,9
norfolk-state,33,21,12,63.6,2275.0,68.9,50.5,96.2,769,1850,41.6,478,740,64.6,172,529,32.5,46.2,49.7,40.0,54.6,21.8,23.6,0.96,2188,66.3,48.9,1192,36.1,33.7,407,12.3,64.0,785,23.8,104,3.2,51.0,392,11.9,0.81,10.6,242,7.3,21.1,481,14.6,8.1,151,4.6,617,18.7,16
north-carolina,36,25,11,69.4,2586.0,71.8,54.7,106.8,1023,2321,44.1,442,655,67.5,272,723,37.6,49.9,52.5,28.2,54.4,16.0,29.5,1.07,2762,76.7,51.6,1387,38.5,34.9,488,13.6,68.3,899,25.0,133,3.7,60.2,616,17.1,1.39,11.7,303,8.4,17.1,442,12.3,5.4,117,3.3,539,15.0,5
north-carolina-at,37,20,17,54.1,2489.0,67.3,46.7,92.4,776,1927,40.3,532,809,65.8,215,707,30.4,45.8,49.7,42.0,48.8,23.1,28.1,0.92,2299,62.1,48.6,1293,34.9,30.0,387,10.5,67.1,906,24.5,127,3.4,52.2,405,10.9,0.72,10.5,261,7.1,22.7,564,15.2,8.3,163,4.4,716,19.4,15
north-carolina-central,31,22,9,71.0,2013.0,64.9,50.0,103.3,706,1536,46.0,499,680,73.4,168,483,34.8,51.4,55.9,44.3,51.8,24.0,24.2,1.03,2079,67.1,50.3,1014,32.7,31.3,284,9.2,69.3,730,23.5,92,3.0,61.8,436,14.1,0.98,11.7,236,7.6,22.1,444,14.3,5.8,90,2.9,548,17.7,7
north-carolina-asheville,32,16,16,50.0,2234.0,69.8,52.7,102.8,824,1831,45.0,493,690,71.4,155,468,33.1,49.2,53.2,37.7,58.3,21.5,20.3,1.03,2296,71.8,51.0,1163,36.3,34.5,385,12.0,67.6,778,24.3,95,3.0,55.5,457,14.3,0.98,11.7,261,8.2,20.8,465,14.5,9.1,169,5.3,518,16.2,5
north-carolina-greensboro,31,9,22,29.0,2222.0,71.7,49.9,103.1,788,1886,41.8,419,623,67.3,227,665,34.1,47.8,52.5,33.0,49.0,18.3,29.7,1.03,2291,73.9,50.6,1123,36.2,29.2,350,11.3,72.0,773,24.9,86,2.8,47.5,374,12.1,0.95,10.2,227,7.3,17.7,393,12.7,3.0,50,1.6,676,21.8,24
north-carolina-wilmington,30,10,20,33.3,1996.0,66.5,49.6,95.1,679,1627,41.7,381,593,64.2,160,475,33.7,46.7,49.7,36.4,54.7,20.1,25.3,0.95,1899,63.3,49.5,1022,34.1,31.7,339,11.3,67.2,683,22.8,60,2.0,49.8,338,11.3,0.79,9.2,184,6.1,21.4,427,14.2,7.5,126,4.2,535,17.8,11
north-dakota,33,16,17,48.5,2226.0,67.5,49.9,99.8,776,1833,42.3,463,651,71.1,207,603,34.3,48.0,51.9,35.5,51.2,20.8,27.9,1.0,2222,67.3,48.8,1125,34.1,30.0,348,10.5,67.6,777,23.5,114,3.5,49.6,385,11.7,0.91,11.6,258,7.8,18.9,421,12.8,6.6,123,3.7,544,16.5,21
north-dakota-state,34,24,10,70.6,2089.0,61.4,53.3,109.2,838,1789,46.8,372,515,72.2,234,654,35.8,53.4,56.1,28.8,52.9,16.3,30.8,1.09,2282,67.1,52.9,1164,34.2,30.7,315,9.3,75.1,849,25.0,82,2.4,50.8,426,12.5,1.14,9.4,196,5.8,18.0,375,11.0,8.5,144,4.2,542,15.9,9
north-florida,32,13,19,40.6,2132.0,66.6,49.3,99.5,763,1746,43.7,343,519,66.1,250,726,34.4,50.9,53.2,29.7,48.4,16.2,35.4,0.99,2121,66.3,46.5,1039,32.5,30.7,330,10.3,62.3,708,22.1,90,2.8,57.8,441,13.8,0.94,9.1,195,6.1,22.0,469,14.7,6.5,119,3.7,562,17.6,15
north-texas,32,12,20,37.5,2190.0,68.4,50.6,100.0,740,1793,41.3,524,740,70.8,113,397,28.5,44.4,51.0,41.3,57.3,23.9,15.5,1.0,2189,68.4,50.6,1187,37.1,33.9,393,12.3,67.2,794,24.8,126,3.9,43.9,325,10.2,0.73,9.0,197,6.2,20.3,444,13.9,8.2,153,4.8,558,17.4,13
northeastern,33,20,13,60.6,2154.0,65.3,50.8,105.5,768,1733,44.3,506,672,75.3,231,622,37.1,51.0,55.4,38.8,47.3,22.3,30.5,1.06,2273,68.9,47.9,990,30.0,31.4,328,9.9,64.3,662,20.1,106,3.2,59.0,453,13.7,1.06,12.0,259,7.8,19.8,426,12.9,4.6,83,2.5,505,15.3,11
northern-arizona,32,11,21,34.4,2238.0,69.9,48.3,95.6,788,1805,43.7,383,567,67.5,181,554,32.7,48.7,51.6,31.4,56.7,17.9,25.4,0.96,2140,66.9,48.2,1040,32.5,27.0,305,9.5,69.3,735,23.0,116,3.6,55.1,434,13.6,0.95,10.2,229,7.2,20.5,458,14.3,4.3,77,2.4,558,17.4,9
northern-colorado,31,13,18,41.9,2065.0,68.8,53.0,105.8,796,1718,46.3,381,565,67.4,211,560,37.7,52.5,55.0,32.9,53.6,17.4,29.0,1.06,2184,70.5,51.2,1056,34.1,32.3,330,10.6,70.1,726,23.4,72,2.3,50.9,405,13.1,1.0,10.0,207,6.7,19.7,407,13.1,4.1,71,2.3,551,17.8,9
northern-illinois,30,5,25,16.7,1885.0,62.8,46.6,85.9,561,1565,35.8,361,553,65.3,136,493,27.6,40.2,44.3,35.3,52.5,22.3,25.2,0.86,1619,54.0,52.3,1004,33.5,33.7,371,12.4,71.0,633,21.1,117,3.9,45.3,254,8.5,0.59,11.3,213,7.1,23.0,434,14.5,3.7,51,1.7,612,20.4,14
northern-iowa,36,21,15,58.3,2306.0,64.1,48.2,104.1,828,1869,44.3,464,613,75.7,280,762,36.7,51.8,55.6,32.8,45.7,19.3,35.0,1.04,2400,66.7,49.1,1148,31.9,25.2,281,7.8,72.9,867,24.1,87,2.4,53.4,442,12.3,1.02,9.7,223,6.2,18.7,432,12.0,4.6,88,2.4,527,14.6,10
northern-kentucky,27,11,16,40.7,1631.0,62.7,46.3,97.0,553,1363,40.6,272,387,70.3,204,617,33.1,48.1,51.1,28.4,44.1,17.2,38.7,0.97,1582,58.6,46.8,774,28.7,25.2,220,8.1,68.3,554,20.5,65,2.4,61.5,340,12.6,1.1,10.1,165,6.1,18.9,308,11.4,3.9,52,1.9,427,15.8,7
northwestern,32,13,19,40.6,1974.0,61.7,47.4,98.4,661,1648,40.1,379,558,67.9,242,710,34.1,47.5,50.8,33.9,43.1,19.5,37.4,0.98,1943,60.7,45.0,981,30.7,25.9,282,8.8,64.0,699,21.8,133,4.2,70.7,467,14.6,1.37,9.1,180,5.6,17.3,342,10.7,6.0,102,3.2,532,16.6,13
northwestern-state,32,23,9,71.9,2380.0,74.4,55.1,107.5,919,2007,45.8,532,775,68.6,189,603,31.3,50.5,53.9,38.6,57.1,20.8,22.2,1.08,2559,80.0,49.8,1245,38.9,35.3,434,13.6,64.2,811,25.3,112,3.5,53.2,489,15.3,1.09,12.9,307,9.6,18.8,448,14.0,7.8,151,4.7,619,19.3,9
notre-dame,35,25,10,71.4,2232.0,63.8,55.1,109.8,892,1929,46.2,438,618,70.9,228,617,37.0,52.2,55.1,32.0,54.2,17.9,27.9,1.1,2450,70.0,52.3,1267,36.2,34.0,387,11.1,70.5,880,25.1,121,3.5,65.8,587,16.8,1.49,7.8,175,5.0,17.6,393,11.2,6.6,132,3.8,495,14.1,10
oakland,33,16,17,48.5,2290.0,69.4,52.3,106.7,823,1886,43.6,559,790,70.8,239,673,35.5,50.0,54.0,41.9,47.8,22.9,29.3,1.07,2444,74.1,51.0,1078,32.7,31.4,371,11.2,70.6,707,21.4,116,3.5,52.6,433,13.1,1.09,11.9,272,8.2,17.4,399,12.1,2.2,39,1.2,621,18.8,18
ohio,34,24,10,70.6,2319.0,68.2,51.1,106.3,889,1908,46.6,418,598,69.9,268,764,35.1,53.6,56.2,31.3,50.4,17.0,32.6,1.06,2464,72.5,46.5,1062,31.2,27.4,305,9.0,65.6,757,22.3,114,3.4,66.8,594,17.5,1.38,13.1,304,8.9,18.5,430,12.6,6.9,120,3.5,669,19.7,12
ohio-state,37,29,8,78.4,2385.0,64.5,54.0,109.0,928,2057,45.1,516,729,70.8,227,638,35.6,50.6,54.1,35.4,53.9,19.9,26.2,1.09,2599,70.2,51.8,1306,35.3,31.8,390,10.5,71.8,916,24.8,87,2.4,53.1,493,13.3,1.28,10.4,248,6.7,16.2,386,10.4,8.3,162,4.4,590,15.9,5
oklahoma,32,20,12,62.5,2153.0,67.3,53.1,105.0,803,1847,43.5,495,654,75.7,159,493,32.3,47.8,52.4,35.4,57.0,21.9,21.1,1.05,2260,70.6,50.9,1168,36.5,33.2,377,11.8,68.5,791,24.7,102,3.2,49.1,394,12.3,1.05,9.6,206,6.4,17.5,376,11.8,4.9,89,2.8,557,17.4,7
oklahoma-state,33,24,9,72.7,2263.0,68.6,51.6,104.8,814,1854,43.9,560,751,74.6,183,580,31.6,48.8,53.6,40.5,53.2,23.6,23.2,1.05,2371,71.8,50.3,1197,36.3,31.3,354,10.7,69.2,843,25.5,87,2.6,48.9,398,12.1,0.97,11.0,248,7.5,18.2,411,12.5,8.4,155,4.7,598,18.1,8
old-dominion,30,5,25,16.7,1984.0,66.1,53.6,98.1,707,1727,40.9,395,598,66.1,138,506,27.3,44.9,48.4,34.6,58.4,20.3,21.3,0.98,1947,64.9,52.9,1108,36.9,38.9,438,14.6,66.9,670,22.3,96,3.2,53.2,376,12.5,0.91,10.8,215,7.2,20.7,411,13.7,8.8,141,4.7,577,19.2,10
mississippi,36,27,9,75.0,2565.0,71.3,55.0,108.3,977,2230,43.8,587,866,67.8,238,735,32.4,49.1,52.6,38.8,53.2,21.1,25.7,1.08,2779,77.2,51.2,1400,38.9,34.1,475,13.2,68.2,925,25.7,149,4.1,46.1,450,12.5,1.1,11.6,297,8.3,15.9,409,11.4,8.7,185,5.1,606,16.8,15
oral-roberts,35,20,15,57.1,2344.0,67.0,54.0,106.0,890,1931,46.1,539,730,73.8,165,467,35.3,50.4,54.5,37.8,58.4,21.7,19.9,1.06,2484,71.0,52.5,1256,35.9,36.4,413,11.8,68.5,843,24.1,119,3.4,49.7,442,12.6,0.92,9.3,218,6.2,20.6,483,13.8,6.6,133,3.8,578,16.5,13
oregon,37,28,9,75.7,2589.0,70.0,52.3,102.4,944,2110,44.7,570,809,70.5,192,577,33.3,49.3,53.1,38.3,56.8,21.5,21.7,1.02,2650,71.6,54.3,1389,37.5,35.8,451,12.2,72.8,938,25.4,104,2.8,51.3,484,13.1,0.87,12.1,314,8.5,21.4,555,15.0,7.2,146,3.9,651,17.6,6
oregon-state,32,14,18,43.8,2203.0,68.8,53.6,104.6,829,1855,44.7,460,687,67.0,186,511,36.4,49.7,52.8,37.0,55.8,20.0,24.2,1.05,2304,72.0,51.0,1185,37.0,34.4,396,12.4,67.6,789,24.7,103,3.2,55.1,457,14.3,1.06,9.2,202,6.3,19.6,432,13.5,7.7,147,4.6,509,15.9,8
pacific,35,22,13,62.9,2223.0,63.5,51.9,105.4,824,1839,44.8,471,684,68.9,225,590,38.1,50.9,54.2,37.2,51.1,20.1,28.8,1.05,2344,67.0,49.8,1128,32.2,29.5,333,9.5,70.2,795,22.7,91,2.6,61.9,510,14.6,1.31,8.7,194,5.5,17.5,390,11.1,2.6,46,1.3,621,17.7,10
penn-state,31,10,21,32.3,2013.0,64.9,48.8,94.9,661,1672,39.5,432,621,69.6,156,527,29.6,44.2,48.6,37.1,52.9,22.6,24.5,0.95,1910,61.6,51.9,1082,34.9,30.9,341,11.0,72.9,741,23.9,119,3.8,46.1,305,9.8,0.8,8.1,164,5.3,18.9,381,12.3,6.4,100,3.2,679,21.9,27
pennsylvania,31,9,22,29.0,2101.0,67.8,45.4,92.7,689,1620,42.5,400,558,71.7,169,493,34.3,47.7,51.6,34.4,53.4,20.5,26.0,0.93,1947,62.8,46.9,974,31.4,26.7,272,8.8,67.0,702,22.6,107,3.5,60.7,418,13.5,0.84,9.6,201,6.5,23.6,495,16.0,4.9,80,2.6,644,20.8,22
pepperdine,30,12,18,40.0,1944.0,64.8,49.3,96.9,673,1551,43.4,372,529,70.3,165,463,35.6,48.7,52.2,34.1,54.0,19.8,26.3,0.97,1883,62.8,49.7,1027,34.2,32.1,309,10.3,67.2,718,23.9,96,3.2,53.5,360,12.0,0.81,8.7,169,5.6,22.7,442,14.7,3.9,66,2.2,515,17.2,11
pittsburgh,33,24,9,72.7,2016.0,61.1,59.0,113.2,837,1775,47.2,445,666,66.8,163,467,34.9,51.7,54.6,37.5,59.1,19.5,21.4,1.13,2282,69.2,55.2,1163,35.2,40.4,425,12.9,70.0,738,22.4,96,2.9,64.2,537,16.3,1.48,10.8,218,6.6,18.1,364,11.0,8.2,131,4.0,575,17.4,5
portland,32,11,21,34.4,2105.0,65.8,48.9,92.7,701,1709,41.0,408,603,67.7,141,448,31.5,45.1,48.9,35.3,57.4,20.9,21.7,0.93,1951,61.0,52.0,1124,35.1,34.0,369,11.5,70.1,755,23.6,101,3.2,55.1,386,12.1,0.81,8.9,188,5.9,22.8,479,15.0,7.1,124,3.9,563,17.6,10
portland-state,28,8,20,28.6,1835.0,65.5,52.3,105.1,701,1542,45.5,376,506,74.3,151,401,37.7,50.4,54.1,32.8,57.0,19.5,23.5,1.05,1929,68.9,49.2,871,31.1,31.0,280,10.0,67.3,591,21.1,92,3.3,52.5,368,13.1,1.1,8.3,153,5.5,18.3,335,12.0,4.3,66,2.4,462,16.5,3
prairie-view-am,34,15,19,44.1,2365.0,69.6,52.5,92.3,822,2065,39.8,409,665,61.5,129,494,26.1,42.9,45.8,32.2,63.5,18.7,17.7,0.92,2182,64.2,53.2,1372,40.4,38.8,530,15.6,67.6,842,24.8,147,4.3,45.0,370,10.9,0.73,11.0,261,7.7,21.5,509,15.0,6.0,112,3.3,690,20.3,12
presbyterian,32,8,24,25.0,2033.0,63.5,46.5,97.7,739,1640,45.1,317,421,75.3,192,554,34.7,50.9,54.0,25.7,55.1,16.0,29.0,0.98,1987,62.1,45.1,912,28.5,23.2,218,6.8,66.9,694,21.7,77,2.4,51.7,382,11.9,0.91,7.1,145,4.5,20.6,418,13.1,3.2,57,1.8,490,15.3,10
princeton,28,17,11,60.7,1699.0,60.7,51.6,106.1,633,1369,46.2,349,483,72.3,188,476,39.5,53.1,56.4,35.3,49.4,19.4,31.3,1.06,1803,64.4,51.4,867,31.0,30.8,251,9.0,72.0,616,22.0,70,2.5,64.0,405,14.5,1.18,10.5,178,6.4,20.2,344,12.3,6.2,85,3.0,453,16.2,8
providence,34,19,15,55.9,2260.0,66.5,53.5,101.7,801,1947,41.1,511,728,70.2,186,600,31.0,45.9,50.1,37.4,53.5,22.2,24.3,1.02,2299,67.6,52.6,1289,37.9,37.4,471,13.9,67.7,818,24.1,128,3.8,60.5,485,14.3,1.13,9.3,211,6.2,19.1,431,12.7,5.8,110,3.2,582,17.1,17
purdue,34,16,18,47.1,2248.0,66.1,54.2,100.2,838,1968,42.6,431,660,65.3,145,453,32.0,46.3,49.4,33.5,61.5,19.1,19.3,1.0,2252,66.2,53.6,1325,39.0,37.1,459,13.5,70.1,866,25.5,146,4.3,55.8,468,13.8,1.1,7.5,168,4.9,19.0,427,12.6,7.9,153,4.5,606,17.8,10
quinnipiac,31,15,16,48.4,2138.0,69.0,56.2,104.1,789,1844,42.8,510,758,67.3,137,409,33.5,46.5,50.5,41.1,58.6,22.9,18.5,1.04,2225,71.8,57.7,1303,42.0,41.1,491,15.8,74.2,812,26.2,106,3.4,49.3,389,12.5,0.9,6.0,128,4.1,20.2,432,13.9,6.6,115,3.7,609,19.6,17
radford,32,13,19,40.6,2223.0,69.5,50.6,96.1,750,1888,39.7,442,682,64.8,194,617,31.4,44.9,48.3,36.1,52.1,20.7,27.2,0.96,2136,66.8,51.1,1173,36.7,33.5,425,13.3,68.6,748,23.4,117,3.7,50.9,382,11.9,0.88,12.3,274,8.6,19.4,432,13.5,6.6,116,3.6,612,19.1,11
rhode-island,29,8,21,27.6,1865.0,64.3,48.1,95.8,616,1539,40.0,371,553,67.1,183,568,32.2,46.0,49.6,35.9,48.5,20.8,30.7,0.96,1786,61.6,46.5,927,32.0,28.4,292,10.1,64.5,635,21.9,102,3.5,51.3,316,10.9,0.9,8.6,161,5.6,18.8,350,12.1,7.5,117,4.0,561,19.3,13
rice,31,5,26,16.1,1985.0,64.0,43.4,94.5,644,1621,39.7,358,493,72.6,229,697,32.9,46.8,50.5,30.4,44.3,19.1,36.6,0.94,1875,60.5,42.1,799,25.8,19.9,209,6.7,64.2,590,19.0,93,3.0,54.5,351,11.3,1.01,10.3,204,6.6,17.4,346,11.2,2.1,32,1.0,583,18.8,10
richmond,34,19,15,55.9,2225.0,65.4,49.6,107.0,776,1748,44.4,546,756,72.2,282,747,37.8,52.5,56.5,43.2,41.5,22.9,35.5,1.07,2380,70.0,45.6,980,28.8,27.1,295,8.7,64.1,684,20.1,66,1.9,56.2,436,12.8,1.06,11.1,248,7.3,18.6,413,12.1,7.5,131,3.9,666,19.6,9
rider,34,19,15,55.9,2241.0,65.9,48.2,96.7,748,1733,43.2,463,683,67.8,207,600,34.5,49.1,52.6,39.4,50.0,21.4,28.7,0.97,2166,63.7,49.4,1149,33.8,30.8,340,10.0,68.0,809,23.8,103,3.0,46.0,344,10.1,0.66,10.1,226,6.6,23.4,525,15.4,8.1,148,4.4,621,18.3,14
robert-morris,35,24,11,68.6,2328.0,66.5,50.5,106.5,825,1912,43.1,530,708,74.9,300,788,38.1,51.0,55.2,37.0,42.3,21.4,36.3,1.07,2480,70.9,49.3,1101,31.5,31.0,367,10.5,67.5,734,21.0,136,3.9,59.5,491,14.0,1.1,13.4,313,8.9,19.2,448,12.8,5.3,92,2.6,685,19.6,14
rutgers,31,15,16,48.4,2004.0,64.6,52.7,101.1,747,1689,44.2,383,548,69.9,150,420,35.7,48.7,52.0,32.4,58.9,18.9,22.2,1.01,2027,65.4,50.7,1061,34.2,35.8,368,11.9,65.6,693,22.4,112,3.6,52.2,390,12.6,0.91,10.8,216,7.0,21.4,428,13.8,6.8,113,3.6,603,19.5,11
sacramento-state,29,14,15,48.3,1847.0,63.7,50.5,101.6,640,1546,41.4,436,599,72.8,160,474,33.8,46.6,51.2,38.7,51.2,23.2,25.6,1.02,1876,64.7,49.4,982,33.9,30.5,304,10.5,68.3,678,23.4,101,3.5,55.9,358,12.3,1.1,8.2,151,5.2,17.6,325,11.2,4.4,71,2.4,464,16.0,6
sacred-heart,29,9,20,31.0,2014.0,69.4,50.6,101.1,729,1656,44.0,385,533,72.2,193,549,35.2,49.8,53.3,32.2,52.7,18.9,28.4,1.01,2036,70.2,48.8,1000,34.5,33.2,333,11.5,64.4,667,23.0,97,3.3,53.2,388,13.4,0.88,9.0,182,6.3,21.9,441,15.2,6.1,104,3.6,534,18.4,9
saint-louis,35,28,7,80.0,2278.0,65.1,50.7,104.8,808,1812,44.6,562,798,70.4,210,617,34.0,50.4,54.5,44.0,50.1,23.5,26.4,1.05,2388,68.2,49.4,1144,32.7,27.9,314,9.0,70.9,830,23.7,112,3.2,56.1,453,12.9,1.13,11.7,267,7.6,17.6,400,11.4,6.1,109,3.1,603,17.2,13
saint-marys,35,28,7,80.0,2266.0,64.7,56.6,115.2,910,1939,46.9,517,713,72.5,273,728,37.5,54.0,57.3,36.8,48.8,19.8,31.4,1.15,2610,74.6,56.2,1295,37.0,37.1,422,12.1,75.3,873,24.9,96,2.7,55.2,502,14.3,1.21,9.4,214,6.1,18.4,416,11.9,5.4,98,2.8,612,17.5,11
sam-houston-state,34,17,17,50.0,2251.0,66.2,50.4,96.3,740,1918,38.6,464,707,65.6,224,678,33.0,44.4,48.1,36.9,47.6,21.4,31.0,0.96,2168,63.8,53.9,1273,37.4,34.6,453,13.3,73.1,820,24.1,94,2.8,63.8,472,13.9,1.05,10.6,239,7.0,19.9,449,13.2,4.6,77,2.3,719,21.1,13
samford,32,11,21,34.4,1996.0,62.4,48.3,99.6,711,1601,44.4,332,502,66.1,203,562,36.1,50.7,54.1,31.4,51.1,16.7,30.6,1.0,1989,62.2,46.2,921,28.8,26.7,266,8.3,65.6,655,20.5,91,2.8,56.5,402,12.6,0.95,10.3,206,6.4,21.1,422,13.2,4.9,81,2.5,537,16.8,13
san-diego,34,16,18,47.1,2213.0,65.1,50.4,107.0,782,1796,43.5,448,663,67.6,203,582,34.9,49.2,56.1,36.9,48.9,18.9,25.7,1.07,2367,69.6,48.9,1099,32.3,31.3,353,10.4,66.4,746,21.9,91,2.7,50.1,392,11.5,0.86,9.3,205,6.0,20.7,458,13.5,7.2,131,3.9,580,17.1,8
san-diego-state,34,23,11,67.6,2271.0,66.8,52.2,103.7,839,1916,43.8,476,697,68.3,202,618,32.7,49.1,52.4,36.4,54.1,20.2,25.7,1.04,2356,69.3,52.2,1253,36.9,32.3,376,11.1,72.0,877,25.8,109,3.2,50.7,425,12.5,1.04,10.3,235,6.9,18.1,410,12.1,8.1,155,4.6,497,14.6,5
san-francisco,31,15,16,48.4,2076.0,67.0,49.4,104.1,756,1669,45.3,400,600,66.7,249,621,40.1,52.8,55.3,35.9,46.9,18.5,34.6,1.04,2161,69.7,47.8,1007,32.5,24.7,253,8.2,70.8,754,24.3,92,3.0,50.5,382,12.3,1.02,8.1,169,5.5,18.1,375,12.1,3.6,63,2.0,548,17.7,13
san-jose-state,29,9,20,31.0,1979.0,68.2,48.7,91.1,629,1669,37.7,397,605,65.6,147,490,30.0,42.1,46.1,36.2,53.5,22.0,24.5,0.91,1802,62.1,50.9,1064,36.7,33.7,379,13.1,68.1,685,23.6,103,3.6,50.4,317,10.9,0.79,8.8,175,6.0,20.3,401,13.8,5.8,96,3.3,514,17.7,14
santa-clara,38,26,12,68.4,2603.0,68.5,53.2,108.6,970,2195,44.2,584,803,72.7,303,840,36.1,51.1,54.9,36.6,47.2,20.7,32.2,1.09,2827,74.4,50.1,1315,34.6,33.6,448,11.8,66.6,867,22.8,68,1.8,57.7,560,14.7,1.2,11.6,301,7.9,18.0,468,12.3,8.4,173,4.6,747,19.7,13
savannah-state,34,19,15,55.9,2181.0,64.1,48.4,88.5,710,1691,42.0,380,615,61.8,131,445,29.4,45.9,48.7,36.4,60.0,19.7,20.4,0.89,1931,56.8,51.5,1154,33.9,35.2,391,11.5,67.8,763,22.4,131,3.9,49.0,348,10.2,0.59,14.1,307,9.0,26.9,586,17.2,8.4,138,4.1,628,18.5,15
seattle,30,8,22,26.7,2127.0,70.9,49.8,92.4,734,1750,41.9,317,507,62.5,181,557,32.5,47.1,49.4,29.0,56.3,16.1,27.6,0.92,1966,65.5,53.5,1201,40.0,36.6,409,13.6,70.3,792,26.4,95,3.2,57.2,420,14.0,0.77,10.9,231,7.7,25.7,546,18.2,5.2,89,3.0,588,19.6,17
seton-hall,33,15,18,45.5,2159.0,65.4,48.5,98.9,744,1704,43.7,387,588,65.8,261,711,36.7,51.3,53.8,34.5,45.2,18.1,36.7,0.99,2136,64.7,49.1,1106,33.5,31.0,331,10.0,67.2,775,23.5,87,2.6,62.0,461,14.0,0.9,10.4,225,6.8,23.8,514,15.6,4.8,86,2.6,624,18.9,16
siena,32,8,24,25.0,2069.0,64.7,47.5,102.8,659,1631,40.4,418,622,67.2,185,549,33.7,46.1,55.2,38.1,44.6,19.7,26.1,1.03,2126,66.4,49.2,1082,33.8,33.0,349,10.9,65.4,733,22.9,130,4.1,50.2,331,10.3,0.68,8.7,180,5.6,23.7,490,15.3,4.7,88,2.8,501,15.7,10
siu-edwardsville,27,9,18,33.3,1790.0,66.3,47.9,94.9,609,1428,42.6,322,481,66.9,159,438,36.3,48.2,51.3,33.7,53.0,19.0,28.1,0.95,1699,62.9,48.7,855,31.7,28.7,260,9.6,68.8,595,22.0,83,3.1,55.8,340,12.6,0.88,8.3,148,5.5,21.7,388,14.4,4.0,58,2.1,478,17.7,8
south-alabama,30,17,13,56.7,2088.0,69.6,50.5,98.7,679,1655,41.0,531,741,71.7,171,528,32.4,46.2,51.3,44.8,49.3,25.8,24.9,0.99,2060,68.7,51.8,1131,37.7,36.4,396,13.2,67.1,735,24.5,107,3.6,47.4,322,10.7,0.68,9.5,199,6.6,22.7,475,15.8,8.8,150,5.0,563,18.8,9
south-carolina,32,14,18,43.8,2156.0,67.4,51.4,98.1,743,1802,41.2,437,635,68.8,192,598,32.1,46.6,50.3,35.2,52.1,20.7,27.2,0.98,2115,66.1,52.7,1138,35.6,38.3,436,13.6,67.1,702,21.9,120,3.8,52.8,392,12.3,0.8,7.6,164,5.1,22.7,490,15.3,6.6,111,3.5,641,20.0,17
south-carolina-state,30,6,24,20.0,2001.0,66.7,50.0,90.4,678,1731,39.2,315,487,64.7,137,485,28.2,43.1,46.1,28.1,59.8,17.4,22.7,0.9,1808,60.3,49.5,1087,36.2,36.2,413,13.8,62.9,674,22.5,106,3.5,53.5,363,12.1,0.81,9.0,181,6.0,22.4,449,15.0,6.8,119,4.0,518,17.3,8
south-dakota,30,10,20,33.3,2014.0,67.1,48.5,104.9,721,1607,44.9,463,593,78.1,208,560,37.1,51.3,55.9,36.9,48.6,21.9,29.5,1.05,2113,70.4,46.4,936,31.2,24.7,234,7.8,68.0,702,23.4,94,3.1,52.0,375,12.5,1.03,9.1,184,6.1,18.0,363,12.1,4.7,84,2.8,437,14.6,8
south-dakota-state,35,25,10,71.4,2270.0,64.9,53.9,113.1,910,1938,47.0,478,627,76.2,270,694,38.9,53.9,57.4,32.4,49.8,18.6,31.5,1.13,2568,73.4,52.5,1211,34.6,29.8,331,9.5,75.2,880,25.1,86,2.5,55.6,506,14.5,1.39,7.7,175,5.0,16.1,365,10.4,4.0,78,2.2,492,14.1,11
south-florida,31,12,19,38.7,1907.0,61.5,48.8,95.5,647,1665,38.9,338,487,69.4,190,608,31.3,44.6,48.0,29.2,50.2,18.6,31.3,0.96,1822,58.8,47.9,1012,32.6,30.3,331,10.7,65.5,681,22.0,101,3.3,54.3,351,11.3,1.04,10.1,193,6.2,17.7,338,10.9,6.3,104,3.4,483,15.6,7
southeast-missouri-state,33,17,16,51.5,2293.0,69.5,51.7,106.7,880,1876,46.9,430,614,70.0,256,644,39.8,53.7,56.4,32.7,51.0,17.6,31.4,1.07,2446,74.1,48.1,1220,37.0,28.1,308,9.3,68.1,912,27.6,107,3.2,59.3,522,15.8,1.23,7.5,173,5.2,18.4,423,12.8,7.8,159,4.8,605,18.3,15
southeastern-louisiana,31,13,18,41.9,2066.0,66.6,47.5,95.1,690,1686,40.9,402,607,66.2,183,512,35.7,46.4,49.8,36.0,51.6,20.5,27.9,0.95,1965,63.4,48.0,1033,33.3,27.2,300,9.7,68.8,733,23.6,101,3.3,43.9,303,9.8,0.76,7.1,147,4.7,19.3,398,12.8,5.5,93,3.0,591,19.1,19
southern-illinois,31,14,17,45.2,1968.0,63.5,52.3,99.8,733,1645,44.6,359,559,64.2,139,434,32.0,48.8,51.4,34.0,60.5,18.3,21.2,1.0,1964,63.4,50.0,931,30.0,31.8,325,10.5,68.2,606,19.5,86,2.8,43.8,321,10.4,0.85,12.7,250,8.1,19.2,377,12.2,4.6,68,2.2,543,17.5,5
southern-methodist,32,15,17,46.9,2050.0,64.1,51.3,100.7,729,1624,44.9,493,662,74.5,113,328,34.5,48.4,53.2,40.8,59.7,23.9,16.4,1.01,2064,64.5,51.0,1082,33.8,34.8,341,10.7,67.2,741,23.2,93,2.9,52.5,383,12.0,0.83,10.7,220,6.9,22.5,462,14.4,8.0,132,4.1,559,17.5,29
southern-miss,37,27,10,73.0,2491.0,67.3,55.9,109.7,985,2058,47.9,518,746,69.4,245,645,38.0,53.8,56.6,36.2,54.2,19.0,26.9,1.1,2733,73.9,53.9,1322,35.7,39.4,471,12.7,68.4,851,23.0,120,3.2,55.9,551,14.9,1.01,14.3,356,9.6,21.9,545,14.7,5.3,101,2.7,705,19.1,24
southern-university,33,23,10,69.7,2161.0,67.5,49.3,102.9,761,1757,43.3,475,689,68.9,226,619,36.5,49.7,53.3,39.2,48.1,21.4,30.5,1.03,2223,67.4,48.1,1152,34.9,26.1,283,8.6,70.1,869,26.3,117,3.5,49.4,376,11.4,1.05,11.3,244,7.4,16.6,359,10.9,7.5,134,4.1,562,17.0,11
southern-utah,31,11,20,35.5,2163.0,69.8,48.8,95.5,718,1768,40.6,468,646,72.4,162,503,32.2,45.2,49.8,36.5,53.8,22.7,23.5,0.96,2066,66.6,52.7,1166,37.6,32.5,375,12.1,72.8,791,25.5,123,4.0,52.6,378,12.2,0.8,7.1,154,5.0,21.9,473,15.3,9.4,154,5.0,724,23.4,25
st-bonaventure,29,14,15,48.3,1966.0,67.8,51.5,107.3,708,1579,44.8,481,630,76.3,212,566,37.5,51.6,56.1,39.9,47.0,22.8,30.2,1.07,2109,72.7,49.1,941,32.4,32.4,308,10.6,65.8,633,21.8,109,3.8,58.6,415,14.3,1.06,9.6,188,6.5,20.0,393,13.6,5.4,84,2.9,570,19.7,15
st-francis-ny,30,12,18,40.0,2035.0,67.8,53.3,103.6,763,1789,42.6,376,565,66.5,206,628,32.8,48.4,51.2,31.6,52.8,17.8,29.3,1.04,2108,70.3,50.2,1055,35.2,34.4,387,12.9,66.1,668,22.3,110,3.7,50.7,387,12.9,1.05,9.6,196,6.5,18.2,370,12.3,4.1,69,2.3,566,18.9,9
st-francis-pa,29,5,24,17.2,1902.0,65.6,46.2,94.8,633,1527,41.5,331,482,68.7,207,594,34.8,48.2,51.4,31.6,47.2,18.3,34.4,0.95,1804,62.2,46.6,863,29.8,27.6,267,9.2,65.5,596,20.6,95,3.3,57.5,364,12.6,0.87,8.5,161,5.6,22.0,419,14.4,4.0,62,2.1,537,18.5,10
st-johns,33,17,16,51.5,2248.0,68.1,51.3,95.1,825,1989,41.5,368,575,64.0,120,443,27.1,44.5,47.3,28.9,65.9,17.2,16.8,0.95,2138,64.8,47.7,1201,36.4,30.5,388,11.8,64.9,813,24.6,125,3.8,49.0,404,12.2,1.07,9.8,220,6.7,16.7,376,11.4,12.3,241,7.3,548,16.6,18
st-josephs-pa,32,18,14,56.3,2038.0,63.7,51.8,105.5,746,1702,43.8,429,616,69.6,229,669,34.2,50.6,53.9,36.2,48.1,20.0,32.0,1.05,2150,67.2,49.3,1118,34.9,31.7,332,10.4,66.8,786,24.6,109,3.4,60.3,450,14.1,1.18,8.1,165,5.2,18.7,381,11.9,9.7,183,5.7,419,13.1,8
st-peters,30,9,21,30.0,1939.0,64.6,49.3,96.0,674,1633,41.3,293,495,59.2,147,438,33.6,45.8,49.8,30.3,56.6,15.7,23.7,0.96,1861,62.0,48.9,945,31.5,30.3,322,10.7,67.5,623,20.8,102,3.4,50.4,340,11.3,0.88,10.8,209,7.0,20.0,387,12.9,6.9,105,3.5,567,18.9,16
stanford,34,19,15,55.9,2330.0,68.5,51.1,102.9,832,2002,41.6,496,668,74.3,237,660,35.9,47.5,51.7,33.4,49.6,20.7,29.7,1.03,2397,70.5,51.8,1235,36.3,32.1,397,11.7,71.5,838,24.6,113,3.3,49.6,413,12.1,1.03,8.6,200,5.9,17.3,402,11.8,7.2,137,4.0,589,17.3,9
stephen-f-austin,32,27,5,84.4,2007.0,62.7,55.1,103.4,772,1649,46.8,397,651,61.0,134,413,32.4,50.9,53.0,39.5,61.5,19.1,19.4,1.03,2075,64.8,55.0,1149,35.9,35.2,359,11.2,74.7,790,24.7,107,3.3,64.1,495,15.5,1.23,12.5,251,7.8,20.1,404,12.6,7.8,121,3.8,494,15.4,5
stetson,31,15,16,48.4,2136.0,68.9,49.9,104.0,768,1683,45.6,414,587,70.5,230,662,34.7,52.5,56.6,34.9,48.4,18.6,31.1,1.04,2221,71.6,50.5,1089,35.1,31.5,316,10.2,69.5,773,24.9,114,3.7,65.4,502,16.2,1.02,7.7,165,5.3,22.9,490,15.8,4.2,78,2.5,519,16.7,9
stony-brook,33,25,8,75.8,2134.0,64.7,52.9,105.2,790,1779,44.4,472,670,70.4,193,546,35.3,49.8,53.5,37.7,53.2,21.0,25.8,1.05,2245,68.0,52.7,1241,37.6,32.4,358,10.8,73.0,883,26.8,115,3.5,51.5,407,12.3,1.04,9.9,212,6.4,18.3,390,11.8,6.9,125,3.8,515,15.6,1
syracuse,40,30,10,75.0,2624.0,65.6,56.2,107.3,1007,2293,43.9,569,843,67.5,233,696,33.5,49.0,52.3,36.8,55.0,20.2,24.8,1.07,2816,70.4,52.2,1534,38.4,38.7,559,14.0,65.6,975,24.4,155,3.9,55.8,562,14.1,1.14,13.7,360,9.0,18.9,495,12.4,11.5,248,6.2,637,15.9,16
texas-christian,32,11,21,34.4,1975.0,61.7,48.7,89.2,631,1573,40.1,382,636,60.1,117,376,31.1,43.8,47.0,40.4,58.4,21.7,19.9,0.89,1761,55.0,49.9,1021,31.9,32.2,345,10.8,67.5,676,21.1,93,2.9,51.0,322,10.1,0.75,8.7,172,5.4,21.9,432,13.5,5.5,90,2.8,528,16.5,5
temple,34,24,10,70.6,2299.0,67.6,52.4,106.8,851,1986,42.8,511,707,72.3,243,740,32.8,49.0,52.9,35.6,49.5,20.8,29.7,1.07,2456,72.2,49.7,1162,34.2,30.8,381,11.2,68.6,781,23.0,105,3.1,58.4,497,14.6,1.36,11.6,267,7.9,15.9,366,10.8,6.7,126,3.7,558,16.4,5
tennessee,33,20,13,60.6,2114.0,64.1,53.4,103.5,753,1751,43.0,510,739,69.0,173,548,31.6,47.9,52.1,42.2,53.0,23.3,23.7,1.04,2189,66.3,53.9,1219,36.9,36.5,409,12.4,71.2,810,24.5,98,3.0,47.0,354,10.7,0.83,6.6,140,4.2,20.1,425,12.9,7.3,130,3.9,597,18.1,14
tennessee-state,33,18,15,54.5,2286.0,69.3,51.5,103.2,800,1822,43.9,554,741,74.8,206,611,33.7,49.6,54.3,40.7,50.3,23.5,26.2,1.03,2360,71.5,51.5,1193,36.2,35.7,399,12.1,67.3,794,24.1,98,3.0,54.0,432,13.1,0.85,10.4,238,7.2,22.2,508,15.4,7.8,145,4.4,631,19.1,17
tennessee-tech,29,12,17,41.4,1921.0,66.2,49.9,97.8,650,1527,42.6,401,566,70.8,177,554,31.9,48.4,52.3,37.1,50.4,21.4,28.3,0.98,1878,64.8,51.0,972,33.5,35.8,346,11.9,66.3,626,21.6,76,2.6,52.3,340,11.7,0.73,9.6,185,6.4,24.4,468,16.1,7.0,104,3.6,605,20.9,13
tennessee-martin,30,9,21,30.0,2120.0,70.7,48.4,94.7,682,1733,39.4,475,640,74.2,169,506,33.4,44.2,49.3,36.9,51.1,23.7,25.2,0.95,2008,66.9,50.3,1068,35.6,33.1,376,12.5,67.5,692,23.1,104,3.5,54.3,370,12.3,0.82,9.7,206,6.9,21.3,452,15.1,4.5,76,2.5,634,21.1,19
texas,34,16,18,47.1,2324.0,68.4,50.2,95.9,776,1880,41.3,505,766,65.9,172,580,29.7,45.9,49.7,40.7,54.2,22.7,23.1,0.96,2229,65.6,50.2,1269,37.3,34.3,418,12.3,66.0,851,25.0,90,2.6,50.4,391,11.5,0.78,9.4,219,6.4,21.5,500,14.7,8.5,163,4.8,657,19.3,20
texas-am,33,18,15,54.5,2080.0,63.0,52.3,101.1,767,1742,44.0,404,573,70.5,165,463,35.6,48.8,52.2,32.9,57.3,19.2,23.5,1.01,2103,63.7,50.7,1100,33.3,34.9,374,11.3,66.5,726,22.0,112,3.4,49.5,380,11.5,0.87,10.2,213,6.5,21.1,438,13.3,5.7,98,3.0,568,17.2,12
texas-am-corpus-christi,29,6,23,20.7,1836.0,63.3,49.3,95.1,634,1560,40.6,340,500,68.0,138,463,29.8,45.1,48.6,32.1,56.8,19.5,23.7,0.95,1746,60.2,48.1,921,31.8,30.2,308,10.6,65.9,613,21.1,97,3.3,49.8,316,10.9,0.9,10.0,184,6.3,19.1,351,12.1,7.3,107,3.7,568,19.6,7
texas-southern,31,17,14,54.8,2053.0,66.2,52.4,106.1,776,1763,44.0,350,550,63.6,277,778,35.6,51.9,53.8,31.2,45.8,16.1,38.1,1.06,2179,70.3,49.2,1102,35.5,31.5,341,11.0,66.9,761,24.5,100,3.2,56.3,437,14.1,1.19,7.7,159,5.1,17.9,367,11.8,7.8,142,4.6,508,16.4,7
texas-state,34,12,22,35.3,2443.0,71.9,48.1,98.2,829,1974,42.0,513,727,70.6,227,685,33.1,47.7,51.7,36.8,50.2,21.4,28.4,0.98,2398,70.5,47.0,1139,33.5,27.3,347,10.2,66.6,792,23.3,127,3.7,49.8,413,12.1,0.88,10.4,255,7.5,19.2,469,13.8,5.3,106,3.1,646,19.0,16
texas-tech,31,11,20,35.5,2123.0,68.5,49.4,95.4,721,1712,42.1,435,652,66.7,149,517,28.8,46.5,50.1,38.1,56.5,21.5,22.1,0.95,2026,65.4,48.9,993,32.0,32.1,349,11.3,65.7,644,20.8,86,2.8,47.7,344,11.1,0.75,12.0,255,8.2,21.5,456,14.7,5.6,94,3.0,594,19.2,11
texas-arlington,33,19,14,57.6,2196.0,66.5,51.4,96.6,750,1820,41.2,432,663,65.2,189,553,34.2,46.4,49.7,36.4,52.9,20.4,26.7,0.97,2121,64.3,52.5,1252,37.9,36.3,435,13.2,68.7,817,24.8,122,3.7,54.8,411,12.5,0.85,11.4,251,7.6,22.1,486,14.7,6.9,118,3.6,685,20.8,13
texas-el-paso,32,18,14,56.3,2007.0,62.7,49.9,101.7,706,1571,44.9,453,669,67.7,177,504,35.1,50.6,54.1,42.6,51.8,22.2,26.0,1.02,2042,63.8,47.6,1005,31.4,28.1,275,8.6,67.0,730,22.8,107,3.3,60.6,428,13.4,1.08,8.5,171,5.3,19.7,396,12.4,7.0,118,3.7,548,17.1,11
texas-pan-american,32,16,16,50.0,2161.0,67.5,49.1,97.2,739,1713,43.1,413,648,63.7,210,562,37.4,49.3,52.0,37.8,50.4,19.7,30.0,0.97,2101,65.7,47.1,1036,32.4,29.4,328,10.3,64.8,708,22.1,99,3.1,55.8,412,12.9,0.9,10.0,217,6.8,21.2,459,14.3,3.5,62,1.9,560,17.5,9
texas-san-antonio,32,10,22,31.3,2093.0,65.4,48.6,97.8,693,1729,40.1,426,630,67.6,236,706,33.4,46.9,50.5,36.4,44.6,20.8,34.6,0.98,2048,64.0,48.3,1024,32.0,31.0,356,11.1,65.6,668,20.9,108,3.4,46.5,322,10.1,0.75,9.5,199,6.2,20.6,431,13.5,2.5,43,1.3,530,16.6,9
toledo,28,15,13,53.6,1878.0,67.1,49.8,102.7,661,1541,42.9,440,578,76.1,166,495,33.5,48.3,53.1,37.5,51.3,22.8,25.8,1.03,1928,68.9,47.3,919,32.8,28.9,273,9.8,65.6,646,23.1,109,3.9,54.8,362,12.9,1.09,10.5,197,7.0,17.7,333,11.9,6.0,93,3.3,479,17.1,9
towson,31,18,13,58.1,2074.0,66.9,54.4,102.5,754,1717,43.9,449,687,65.4,168,525,32.0,48.8,52.0,40.0,55.2,21.1,23.7,1.02,2125,68.5,54.0,1233,39.8,39.4,430,13.9,68.5,803,25.9,102,3.3,41.8,315,10.2,0.68,7.7,159,5.1,22.2,460,14.8,9.5,169,5.5,593,19.1,9
troy,33,12,21,36.4,2096.0,63.5,50.4,104.8,758,1907,39.7,318,468,67.9,212,680,31.2,45.3,51.6,24.5,49.7,14.5,29.0,1.05,2196,66.5,48.9,1094,33.2,30.7,378,11.5,67.0,716,21.7,112,3.4,49.3,374,11.3,1.08,8.5,179,5.4,16.5,345,10.5,4.6,81,2.5,514,15.6,7
tulane,35,20,15,57.1,2281.0,67.1,53.1,106.8,789,1896,41.6,634,872,72.7,224,641,34.9,47.5,52.7,46.0,46.4,26.0,27.6,1.07,2436,69.6,54.3,1235,35.3,36.0,447,12.8,72.5,788,22.5,114,3.3,51.0,402,11.5,0.93,10.2,233,6.7,18.9,430,12.3,3.6,66,1.9,585,16.7,9
tulsa,33,17,16,51.5,2262.0,68.5,49.7,99.1,763,1760,43.4,514,767,67.0,201,598,33.6,49.1,52.7,43.6,50.2,22.9,26.9,0.99,2241,67.9,50.6,1206,36.5,30.7,352,10.7,70.5,854,25.9,138,4.2,51.0,389,11.8,0.8,9.4,213,6.5,21.4,484,14.7,5.5,101,3.1,655,19.8,23
uab,33,16,17,48.5,2361.0,71.5,50.8,99.8,857,1980,43.3,424,586,72.4,219,655,33.4,48.8,52.2,29.6,54.1,18.0,27.9,1.0,2357,71.4,51.6,1212,36.7,33.7,408,12.4,69.5,804,24.4,133,4.0,61.7,529,16.0,1.04,11.4,269,8.2,21.6,510,15.5,4.6,85,2.6,621,18.8,16
california-davis,31,14,17,45.2,2094.0,67.5,49.5,105.5,781,1651,47.3,391,544,71.9,257,635,40.5,55.1,57.9,32.9,47.4,17.7,34.9,1.06,2210,71.3,47.9,1027,33.1,26.4,252,8.1,69.3,775,25.0,77,2.5,58.6,458,14.8,1.06,6.9,144,4.6,20.7,434,14.0,4.7,87,2.8,533,17.2,14
california-irvine,37,21,16,56.8,2505.0,67.7,51.6,102.1,932,2151,43.3,445,669,66.5,249,746,33.4,49.1,51.8,31.1,53.4,17.4,29.2,1.02,2558,69.1,50.5,1427,38.6,31.0,417,11.3,70.0,1010,27.3,124,3.4,62.2,580,15.7,1.26,7.2,181,4.9,18.4,461,12.5,7.4,159,4.3,651,17.6,10
california-riverside,31,6,25,19.4,2006.0,64.7,49.2,91.2,688,1650,41.7,307,527,58.3,146,505,28.9,46.1,48.1,31.9,59.3,16.8,23.9,0.91,1829,59.0,52.5,1090,35.2,32.7,347,11.2,72.4,743,24.0,107,3.5,55.5,382,12.3,0.84,9.6,193,6.2,22.6,453,14.6,5.4,91,2.9,494,15.9,10
california-santa-barbara,31,11,20,35.5,2016.0,65.0,49.2,99.4,703,1676,41.9,350,506,69.2,247,714,34.6,49.3,52.3,30.2,45.5,17.5,37.0,0.99,2003,64.6,50.4,1078,34.8,32.2,342,11.0,68.5,736,23.7,83,2.7,65.0,457,14.7,1.02,8.2,165,5.3,22.2,447,14.4,8.1,137,4.4,556,17.9,19
central-florida,31,20,11,64.5,2079.0,67.1,53.8,105.5,768,1695,45.3,438,680,64.4,220,616,35.7,51.8,54.4,40.1,50.0,20.0,30.1,1.06,2194,70.8,51.2,1134,36.6,35.0,373,12.0,67.3,761,24.5,123,4.0,56.1,431,13.9,1.01,11.2,233,7.5,20.5,427,13.8,7.7,141,4.5,436,14.1,7
ucla,35,25,10,71.4,2469.0,70.5,53.4,105.5,961,2131,45.1,511,706,72.4,171,514,33.3,49.1,52.8,33.1,60.7,19.6,19.7,1.05,2604,74.4,48.4,1276,36.5,30.7,387,11.1,66.0,889,25.4,111,3.2,58.2,559,16.0,1.43,11.5,283,8.1,15.8,391,11.2,5.8,127,3.6,526,15.0,7
illinois-chicago,34,18,16,52.9,2192.0,64.5,47.3,97.4,720,1797,40.1,474,630,75.2,222,656,33.8,46.2,50.9,35.1,46.6,22.2,31.2,0.97,2136,62.8,48.9,1147,33.7,28.4,329,9.7,69.4,818,24.1,139,4.1,57.8,416,12.2,0.98,10.1,222,6.5,19.3,423,12.4,5.1,93,2.7,573,16.9,14
umass-lowell,NULL
unlv,35,25,10,71.4,2421.0,69.2,51.8,103.2,872,2002,43.6,525,747,70.3,227,689,32.9,49.2,53.0,37.3,51.6,21.0,27.3,1.03,2498,71.4,53.5,1406,40.2,33.8,418,11.9,73.2,988,28.2,125,3.6,64.4,562,16.1,1.15,10.5,253,7.2,20.1,487,13.9,10.0,203,5.8,593,16.9,9
southern-california,32,14,18,43.8,2179.0,68.1,49.1,96.4,778,1826,42.6,379,547,69.3,166,486,34.2,47.2,50.4,30.0,58.3,18.0,23.7,0.96,2101,65.7,49.8,1130,35.3,29.2,328,10.3,70.5,802,25.1,106,3.3,51.8,403,12.6,0.95,8.3,181,5.7,19.6,426,13.3,9.0,162,5.1,580,18.1,9
usc-upstate,33,16,17,48.5,2214.0,67.1,54.1,104.6,843,1896,44.5,416,640,65.0,213,614,34.7,50.1,52.6,33.8,54.4,18.0,27.6,1.05,2315,70.2,53.2,1205,36.5,36.4,424,12.8,70.0,781,23.7,84,2.5,60.9,513,15.5,1.15,10.5,233,7.1,20.1,445,13.5,7.3,131,4.0,547,16.6,7
utah,33,15,18,45.5,2105.0,63.8,49.1,100.6,754,1717,43.9,413,547,75.5,196,542,36.2,49.6,53.5,31.9,52.7,19.5,27.8,1.01,2117,64.2,48.5,1132,34.3,28.6,297,9.0,68.4,835,25.3,116,3.5,60.7,458,13.9,1.08,8.7,183,5.5,20.2,425,12.9,5.9,110,3.3,510,15.5,4
utah-state,31,21,10,67.7,1952.0,63.0,55.1,109.3,750,1598,46.9,456,631,72.3,178,500,35.6,52.5,56.2,39.5,53.6,21.4,25.0,1.09,2134,68.8,55.5,1162,37.5,37.8,356,11.5,73.2,806,26.0,62,2.0,60.7,455,14.7,1.12,7.7,150,4.8,20.9,408,13.2,7.3,125,4.0,499,16.1,12
utah-valley-state,32,14,18,43.8,2134.0,66.7,49.7,101.1,793,1749,45.3,390,549,71.0,181,542,33.4,50.5,53.7,31.4,56.7,18.1,25.2,1.01,2157,67.4,48.5,1055,33.0,26.1,271,8.5,70.8,784,24.5,82,2.6,57.8,458,14.3,1.17,9.5,203,6.3,18.3,390,12.2,5.3,97,3.0,468,14.6,9
valparaiso,34,26,8,76.5,2222.0,65.4,51.5,108.9,823,1699,48.4,521,713,73.1,253,680,37.2,55.9,59.4,42.0,47.1,21.5,31.4,1.09,2420,71.2,51.4,1109,32.6,31.2,303,8.9,71.5,806,23.7,101,3.0,56.7,467,13.7,0.96,10.4,232,6.8,21.9,486,14.3,6.4,114,3.4,586,17.2,16
vanderbilt,33,16,17,48.5,2042.0,61.9,47.8,97.5,681,1671,40.8,372,586,63.5,257,734,35.0,48.4,51.1,35.1,42.6,18.7,38.7,0.98,1991,60.3,49.2,1090,33.0,27.9,307,9.3,70.5,783,23.7,84,2.5,56.5,385,11.7,0.97,7.8,160,4.8,19.4,397,12.0,7.0,120,3.6,543,16.5,5
vermont,33,21,12,63.6,2044.0,61.9,52.0,102.6,711,1626,43.7,517,729,70.9,158,491,32.2,48.6,53.2,44.8,52.7,24.7,22.6,1.03,2097,63.5,52.8,1131,34.3,34.4,353,10.7,71.2,778,23.6,83,2.5,52.7,375,11.4,0.89,10.6,216,6.5,20.6,421,12.8,5.6,93,2.8,537,16.3,10
villanova,34,20,14,58.8,2333.0,68.6,48.6,98.9,732,1760,41.6,639,889,71.9,204,617,33.1,47.4,52.9,50.5,45.8,27.7,26.5,0.99,2307,67.9,52.1,1234,36.3,33.0,383,11.3,71.1,851,25.0,118,3.5,56.4,413,12.1,0.77,11.3,263,7.7,22.8,533,15.7,6.3,114,3.4,651,19.1,14
virginia,35,23,12,65.7,2153.0,61.5,51.2,104.4,818,1790,45.7,399,565,70.6,213,553,38.5,51.6,54.6,31.6,53.8,17.7,28.4,1.04,2248,64.2,50.2,1127,32.2,28.3,298,8.5,72.1,829,23.7,104,3.0,60.0,491,14.0,1.26,9.6,206,5.9,18.2,391,11.2,8.7,154,4.4,549,15.7,5
virginia-commonwealth,36,27,9,75.0,2486.0,69.1,56.4,111.4,1010,2243,45.0,469,669,70.1,281,800,35.1,51.3,54.1,29.8,52.6,16.9,30.4,1.11,2770,76.9,51.0,1244,34.6,36.6,492,13.7,65.3,752,20.9,89,2.5,51.6,521,14.5,1.24,17.0,422,11.7,16.9,420,11.7,6.0,109,3.0,708,19.7,3
virginia-military-institute,31,14,17,45.2,2294.0,74.0,53.3,105.6,872,2011,43.4,397,604,65.7,282,869,32.5,50.4,52.7,30.0,48.7,16.4,34.9,1.06,2423,78.2,48.8,1183,38.2,33.2,417,13.5,64.4,766,24.7,106,3.4,53.3,465,15.0,1.14,10.9,250,8.1,17.8,409,13.2,6.8,135,4.4,538,17.4,10
virginia-tech,32,13,19,40.6,2204.0,68.9,51.2,102.0,791,1857,42.6,484,683,70.9,182,580,31.4,47.5,51.5,36.8,54.2,21.5,24.3,1.02,2248,70.3,48.8,1145,35.8,30.7,356,11.1,66.8,789,24.7,108,3.4,41.1,325,10.2,0.84,6.3,138,4.3,17.5,385,12.0,6.6,125,3.9,603,18.8,11
wagner,31,19,12,61.3,2160.0,69.7,51.4,98.9,756,1731,43.7,492,698,70.5,132,416,31.7,47.5,51.8,40.3,58.4,23.0,18.5,0.99,2136,68.9,52.2,1152,37.2,34.9,377,12.2,69.5,775,25.0,104,3.4,50.4,381,12.3,0.81,11.7,253,8.2,21.9,472,15.2,9.6,163,5.3,635,20.5,9
wake-forest,31,13,18,41.9,2145.0,69.2,48.2,97.6,717,1652,43.4,491,722,68.0,168,487,34.5,48.5,52.5,43.7,52.5,23.5,24.1,0.98,2093,67.5,48.5,1008,32.5,27.7,293,9.5,69.2,715,23.1,67,2.2,49.1,352,11.4,0.79,10.3,220,7.1,20.7,444,14.3,7.6,131,4.2,562,18.1,7
washington,34,18,16,52.9,2263.0,66.6,53.8,102.0,841,1931,43.6,446,653,68.3,181,528,34.3,48.2,51.5,33.8,57.2,19.3,23.5,1.02,2309,67.9,53.0,1237,36.4,37.3,439,12.9,68.7,798,23.5,118,3.5,48.2,405,11.9,0.9,7.9,178,5.2,19.8,448,13.2,7.3,141,4.1,584,17.2,8
washington-state,32,13,19,40.6,2011.0,62.8,50.7,102.5,717,1681,42.7,395,574,68.8,232,669,34.7,49.6,52.7,34.1,47.1,19.2,33.8,1.02,2061,64.4,51.7,1067,33.3,31.6,330,10.3,71.8,737,23.0,119,3.7,54.7,392,12.3,1.02,7.2,144,4.5,19.1,385,12.0,4.6,77,2.4,488,15.3,9
weber-state,37,30,7,81.1,2445.0,66.1,54.8,114.5,990,1957,50.6,554,768,72.1,266,640,41.6,57.4,60.3,39.2,51.7,19.8,28.5,1.15,2800,75.7,52.7,1331,36.0,30.8,334,9.0,74.5,997,26.9,74,2.0,52.3,518,14.0,1.13,8.0,195,5.3,18.7,457,12.4,8.0,165,4.5,623,16.8,9
west-virginia,32,13,19,40.6,2103.0,65.7,52.7,100.6,722,1769,40.8,501,721,69.5,171,541,31.6,45.6,50.1,40.8,52.1,23.7,24.2,1.01,2116,66.1,51.6,1121,35.0,37.1,429,13.4,66.0,692,21.6,100,3.1,54.8,396,12.4,0.95,11.1,234,7.3,19.8,417,13.0,7.0,118,3.7,626,19.6,12
western-carolina,33,14,19,42.4,2219.0,67.2,52.9,104.7,828,1925,43.0,425,604,70.4,207,611,33.9,48.4,52.5,31.4,53.4,18.3,26.7,1.05,2324,70.4,50.1,1141,34.6,34.9,417,12.6,65.3,724,21.9,110,3.3,45.0,373,11.3,0.87,11.3,250,7.6,19.3,429,13.0,5.7,100,3.0,652,19.8,17
western-illinois,31,22,9,71.0,1819.0,58.7,49.8,101.4,659,1414,46.6,366,570,64.2,161,412,39.1,52.3,54.8,40.3,54.0,19.8,26.2,1.01,1845,59.5,49.5,937,30.2,25.6,220,7.1,73.3,717,23.1,63,2.0,56.3,371,12.0,1.05,10.0,181,5.8,19.4,352,11.4,8.3,125,4.0,391,12.6,6
western-kentucky,36,20,16,55.6,2420.0,67.2,51.2,99.5,837,1959,42.7,509,755,67.4,226,709,31.9,48.5,52.0,38.5,50.7,21.1,28.1,1.0,2409,66.9,52.5,1307,36.3,35.1,441,12.3,69.8,866,24.1,103,2.9,47.8,400,11.1,0.74,9.2,223,6.2,22.2,537,14.9,5.9,115,3.2,691,19.2,14
western-michigan,35,22,13,62.9,2305.0,65.9,51.7,101.7,784,1815,43.2,587,835,70.3,188,587,32.0,48.4,53.0,46.0,50.8,25.0,24.1,1.02,2345,67.0,53.6,1289,36.8,36.0,417,11.9,71.2,872,24.9,117,3.3,52.6,412,11.8,0.81,8.6,198,5.7,22.1,510,14.6,6.0,114,3.3,628,17.9,13
wichita-state,39,30,9,76.9,2529.0,64.8,55.2,107.6,954,2166,44.0,553,791,69.9,259,765,33.9,50.0,53.5,36.5,51.1,20.3,28.6,1.08,2720,69.7,55.8,1497,38.4,38.0,512,13.1,73.5,985,25.3,142,3.6,55.6,530,13.6,1.08,11.4,289,7.4,19.5,492,12.6,8.6,173,4.4,700,17.9,7
william-mary,30,13,17,43.3,1949.0,65.0,50.8,105.9,718,1536,46.7,405,571,70.9,223,591,37.7,54.0,57.1,37.2,48.0,19.6,32.4,1.06,2064,68.8,48.4,999,33.3,28.6,260,8.7,68.2,739,24.6,90,3.0,59.6,428,14.3,1.09,7.9,154,5.1,20.1,391,13.0,5.2,91,3.0,466,15.5,11
winthrop,31,14,17,45.2,1928.0,62.2,48.1,96.4,647,1555,41.6,385,560,68.8,180,570,31.6,47.4,51.0,36.0,50.2,20.7,29.0,0.96,1859,60.0,49.7,1009,32.5,29.3,294,9.5,70.1,715,23.1,116,3.7,45.4,294,9.5,0.73,7.8,150,4.8,20.9,403,13.0,4.2,67,2.2,541,17.5,13
wisconsin,35,23,12,65.7,2179.0,62.3,53.4,104.4,823,1960,42.0,369,582,63.4,259,785,33.0,48.6,50.8,29.7,49.6,16.2,34.2,1.04,2274,65.0,52.9,1287,36.8,32.6,406,11.6,73.1,881,25.2,85,2.4,56.5,465,13.3,1.36,9.2,200,5.7,15.7,342,9.8,8.1,153,4.4,491,14.0,7
wofford,32,13,19,40.6,2035.0,63.6,45.4,93.3,665,1696,39.2,346,477,72.5,182,593,30.7,44.6,49.4,28.1,50.9,18.2,28.8,0.93,1899,59.3,50.2,1010,31.6,26.9,293,9.2,73.4,717,22.4,100,3.1,55.5,369,11.5,0.89,11.7,238,7.4,20.3,413,12.9,4.6,72,2.2,554,17.3,8
wright-state,36,23,13,63.9,2285.0,63.5,48.1,97.7,801,1826,43.9,427,607,70.3,204,602,33.9,49.5,52.8,33.2,53.5,19.1,27.4,0.98,2233,62.0,49.0,1093,30.4,27.0,302,8.4,71.0,791,22.0,103,2.9,53.7,430,11.9,0.92,11.7,267,7.4,20.4,467,13.0,4.1,69,1.9,656,18.2,8
wyoming,34,20,14,58.8,2083.0,61.3,47.3,99.6,707,1655,42.7,436,646,67.5,224,695,32.2,49.5,52.9,39.0,46.6,21.0,32.4,1.0,2074,61.0,46.6,974,28.6,24.4,258,7.6,68.8,716,21.1,93,2.7,56.2,397,11.7,1.03,10.3,214,6.3,18.6,387,11.4,6.5,110,3.2,521,15.3,11
xavier,31,17,14,54.8,1974.0,63.7,53.0,102.4,722,1582,45.6,437,655,66.7,140,400,35.0,50.1,53.4,41.4,57.6,21.6,20.8,1.02,2021,65.2,52.7,1092,35.2,34.3,329,10.6,71.0,763,24.6,103,3.3,48.2,348,11.2,0.87,8.3,164,5.3,20.4,402,13.0,5.2,86,2.8,541,17.5,14
yale,31,14,17,45.2,2018.0,65.1,51.7,105.2,697,1620,43.0,501,688,72.8,184,524,35.1,48.7,54.5,42.5,48.4,23.6,26.0,1.05,2122,68.5,53.5,1074,34.6,35.6,369,11.9,71.4,705,22.7,97,3.1,57.4,400,12.9,0.9,9.8,197,6.4,22.0,443,14.3,5.8,92,3.0,579,18.7,7
youngstown-state,34,18,16,52.9,2358.0,69.4,50.4,102.9,853,1979,43.1,475,686,69.2,245,707,34.7,49.3,52.6,34.7,50.1,19.6,30.3,1.03,2426,71.4,48.6,1199,35.3,28.3,345,10.1,68.9,854,25.1,115,3.4,59.1,504,14.8,1.27,9.8,231,6.8,16.9,398,11.7,9.2,182,5.4,579,17.0,14