abilene-christian,NULL
air-force,29,13,16,44.8,1839.0,63.4,45.3,97.1,616,1383,44.5,362,537,67.4,192,569,33.7,51.5,54.5,38.8,47.5,20.3,32.3,0.97,1786,61.6,44.6,835,28.8,20.4,178,6.1,68.7,657,22.7,68,2.3,65.4,403,13.9,1.09,10.5,194,6.7,20.2,371,12.8,6.1,90,3.1,491,16.9,8
akron,34,22,12,64.7,2312.0,68.0,53.7,106.2,868,1879,46.2,513,741,69.2,207,560,37.0,51.7,55.0,39.4,53.8,20.9,25.3,1.06,2456,72.2,51.2,1213,35.7,35.2,398,11.7,67.1,815,24.0,115,3.4,54.7,475,14.0,0.99,10.7,247,7.3,20.8,480,14.1,7.3,141,4.1,616,18.1,10
alabama,33,21,12,63.6,2090.0,63.3,52.7,102.2,778,1722,45.2,443,623,71.1,136,470,28.9,49.1,52.9,36.2,60.1,20.7,19.1,1.02,2135,64.7,51.0,1158,35.1,33.5,352,10.7,68.4,806,24.4,92,2.8,51.7,402,12.2,0.95,11.4,239,7.2,20.3,424,12.8,8.0,137,4.2,607,18.4,10
alabama-am,28,7,21,25.0,1941.0,69.3,47.2,90.9,629,1538,40.9,359,555,64.7,147,469,31.3,45.7,49.0,36.1,54.6,20.4,25.0,0.91,1764,63.0,49.1,966,34.5,31.1,316,11.3,67.1,650,23.2,117,4.2,49.9,314,11.2,0.68,9.2,178,6.4,23.8,462,16.5,8.0,119,4.2,617,22.0,13
alabama-state,31,12,19,38.7,2075.0,66.9,47.9,88.7,648,1714,37.8,354,606,58.4,190,621,30.6,43.3,46.0,35.4,49.8,19.2,31.0,0.89,1840,59.4,50.1,1102,35.5,33.0,399,12.9,67.1,703,22.7,119,3.8,55.1,357,11.5,0.76,11.4,236,7.6,22.7,470,15.2,5.8,95,3.1,614,19.8,15
albany,34,19,15,55.9,2242.0,65.9,53.6,109.4,842,1889,44.6,524,694,75.5,245,673,36.4,51.1,55.3,36.7,48.7,21.4,30.0,1.09,2453,72.1,51.4,1174,34.5,35.2,400,11.8,67.6,774,22.8,102,3.0,50.4,424,12.5,0.99,8.6,193,5.7,19.1,429,12.6,5.0,95,2.8,578,17.0,9
alcorn-state,33,11,22,33.3,2143.0,69.1,45.6,97.0,689,1669,41.3,420,606,69.3,128,421,30.4,45.1,53.1,36.3,54.0,20.2,18.5,0.97,2078,63.0,45.2,959,29.1,28.0,290,8.8,62.4,669,20.3,87,2.6,42.1,290,8.8,0.61,9.3,199,6.0,22.3,477,14.5,6.0,104,3.2,606,18.4,26
american-university,32,20,12,62.5,2019.0,63.1,48.9,102.0,713,1678,42.5,406,567,71.6,227,576,39.4,49.3,52.9,33.8,47.2,19.7,33.1,1.02,2059,64.3,48.3,1044,32.6,27.1,281,8.8,69.6,763,23.8,96,3.0,56.7,404,12.6,1.14,7.2,146,4.6,17.6,355,11.1,5.3,92,2.9,544,17.0,6
appalachian-state,31,13,18,41.9,2115.0,68.2,50.5,100.3,746,1693,44.1,426,656,64.9,203,591,34.3,50.1,52.9,38.7,51.2,20.1,28.7,1.0,2121,68.4,49.5,1093,35.3,31.0,333,10.7,68.0,760,24.5,84,2.7,50.8,379,12.2,0.85,8.8,187,6.0,21.0,444,14.3,7.0,125,4.0,609,19.6,19
arizona,35,23,12,65.7,2295.0,65.6,50.9,105.3,795,1812,43.9,568,806,70.5,258,683,37.8,51.0,55.0,44.5,44.5,23.5,32.0,1.05,2416,69.0,50.3,1237,35.3,30.6,349,10.0,70.0,888,25.4,107,3.1,59.5,473,13.5,1.08,8.5,195,5.6,19.0,436,12.5,6.2,122,3.5,588,16.8,11
arizona-state,31,10,21,32.3,1964.0,63.4,47.1,96.3,654,1439,45.4,402,594,67.7,181,497,36.4,51.7,54.9,41.3,50.0,21.3,28.7,0.96,1891,61.0,49.7,975,31.5,29.6,262,8.5,69.9,713,23.0,77,2.5,57.6,377,12.2,0.75,8.8,173,5.6,25.7,505,16.3,7.6,123,4.0,548,17.7,13
arkansas,32,18,14,56.2,2245.0,70.2,51.5,102.4,808,1860,43.4,478,692,69.1,205,580,35.3,49.0,52.5,37.2,52.5,20.8,26.8,1.02,2299,71.8,47.4,1082,33.8,31.5,363,11.3,63.3,719,22.5,111,3.5,53.6,433,13.5,1.04,11.8,265,8.3,18.5,415,13.0,8.7,159,5.0,618,19.3,12
arkansas-state,34,14,20,41.2,2196.0,64.6,51.9,100.1,765,1771,43.2,492,737,66.8,176,476,37.0,48.2,51.8,41.6,53.6,22.4,24.0,1.0,2198,64.6,52.3,1154,33.9,34.6,392,11.5,70.0,762,22.4,124,3.6,43.0,329,9.7,0.72,9.6,210,6.2,20.9,460,13.5,4.2,78,2.3,533,15.7,10
arkansas-little-rock,31,15,16,48.4,2053.0,66.2,47.7,96.2,672,1655,40.6,469,672,69.8,161,492,32.7,45.5,50.0,40.6,51.8,23.8,24.5,0.96,1974,63.7,48.4,1032,33.3,27.8,302,9.7,69.1,730,23.5,104,3.4,48.2,324,10.5,0.84,9.6,198,6.4,18.9,387,12.5,5.9,94,3.0,609,19.6,10
arkansas-pine-bluff,33,11,22,33.3,2195.0,66.5,48.6,91.7,705,1707,41.3,458,719,63.7,145,484,30.0,45.5,49.1,42.1,55.6,22.8,21.6,0.92,2013,61.0,48.2,1105,33.5,31.5,364,11.0,64.8,741,22.5,102,3.1,52.1,367,11.1,0.75,10.5,230,7.0,22.4,491,14.9,7.4,132,4.0,601,18.2,16
army,30,12,18,40.0,2109.0,70.3,44.6,96.1,678,1608,42.2,433,596,72.7,238,671,35.5,49.6,53.6,37.1,43.4,21.4,35.2,0.96,2027,67.6,47.0,957,31.9,24.3,247,8.2,69.8,710,23.7,97,3.2,59.4,403,13.4,0.86,8.8,185,6.2,22.1,467,15.6,3.3,54,1.8,581,19.4,17
auburn,31,15,16,48.4,2037.0,65.7,49.5,95.3,696,1669,41.7,394,608,64.8,156,517,30.2,46.4,49.6,36.4,55.6,20.3,24.1,0.95,1942,62.6,49.3,1063,34.3,31.4,338,10.9,67.1,725,23.4,78,2.5,55.5,386,12.5,0.92,9.8,199,6.4,20.6,420,13.5,9.0,149,4.8,573,18.5,10
austin-peay,32,12,20,37.5,2199.0,68.7,52.5,100.8,792,1781,44.5,493,735,67.1,139,433,32.1,48.4,52.0,41.3,58.9,22.2,18.8,1.01,2216,69.2,49.1,1077,33.7,34.4,388,12.1,63.9,689,21.5,95,3.0,49.0,388,12.1,0.83,10.5,230,7.2,21.2,466,14.6,6.4,115,3.6,574,17.9,18
ball-state,30,15,15,50.0,1874.0,62.5,51.1,101.4,647,1536,42.1,416,604,68.9,191,581,32.9,48.3,52.1,39.3,48.0,21.9,30.1,1.01,1901,63.4,50.7,1015,33.8,34.4,336,11.2,67.0,679,22.6,74,2.5,61.8,400,13.3,1.03,9.7,182,6.1,20.7,388,12.9,5.1,79,2.6,501,16.7,3
baylor,38,30,8,78.9,2558.0,67.3,55.2,111.0,1004,2148,46.7,572,759,75.4,259,676,38.3,52.8,56.6,35.3,52.5,20.1,27.4,1.11,2839,74.7,53.2,1385,36.4,38.4,470,12.4,68.1,915,24.1,105,2.8,56.8,570,15.0,1.09,11.2,286,7.5,20.4,522,13.7,8.4,178,4.7,674,17.7,10
belmont,35,27,8,77.1,2420.0,69.1,55.9,117.0,975,2026,48.1,572,779,73.4,309,817,37.8,55.8,59.1,38.5,47.1,20.2,32.7,1.17,2831,80.9,51.2,1252,35.8,34.4,399,11.4,68.0,853,24.4,101,2.9,62.2,606,17.3,1.41,10.5,255,7.3,17.8,430,12.3,3.9,78,2.2,631,18.0,9
bethune-cookman,35,18,17,51.4,2279.0,65.1,52.1,99.9,818,1890,43.3,462,702,65.8,178,522,34.1,48.0,51.2,37.1,56.2,20.3,23.5,1.0,2276,65.0,48.9,1083,30.9,34.6,413,11.8,63.3,670,19.1,109,3.1,50.9,416,11.9,0.88,10.6,241,6.9,20.7,471,13.5,5.4,95,2.7,663,18.9,12
binghamton,31,2,29,6.5,2027.0,65.4,44.3,86.9,627,1579,39.7,376,538,69.9,132,437,30.2,43.9,48.0,34.1,56.2,21.3,22.5,0.87,1762,56.8,48.0,952,30.7,26.8,278,9.0,69.3,674,21.7,120,3.9,55.2,346,11.2,0.75,9.2,187,6.0,22.8,462,14.9,4.1,67,2.2,554,17.9,11
boise-state,30,13,17,43.3,1964.0,65.5,51.3,104.4,708,1653,42.8,407,589,69.1,227,664,34.2,49.7,53.0,35.6,46.9,19.9,33.2,1.04,2050,68.3,53.4,1007,33.6,32.2,328,10.9,74.6,679,22.6,90,3.0,48.9,346,11.5,0.95,9.3,183,6.1,18.6,366,12.2,3.7,56,1.9,544,18.1,9
boston-college,31,9,22,29.0,2031.0,65.5,42.6,90.3,629,1543,40.8,350,520,67.3,225,664,33.9,48.1,51.2,33.7,44.1,19.1,36.8,0.9,1833,59.1,44.9,924,29.8,22.4,222,7.2,67.3,702,22.6,88,2.8,56.3,354,11.4,0.78,7.5,153,4.9,22.4,454,14.6,5.0,89,2.9,491,15.8,5
boston-university,32,16,16,50.0,2068.0,64.6,50.0,98.9,725,1717,42.2,393,583,67.4,202,634,31.9,48.1,51.3,34.0,51.1,19.2,29.6,0.99,2045,63.9,50.0,1107,34.6,32.1,351,11.0,67.9,756,23.6,95,3.0,51.2,371,11.6,0.85,9.0,187,5.8,21.0,434,13.6,5.6,98,3.1,537,16.8,10
bowling-green,32,16,16,50.0,2081.0,65.0,53.4,102.1,823,1795,45.8,323,474,68.1,156,461,33.8,50.2,52.6,26.4,62.8,15.2,22.0,1.02,2125,66.4,50.9,1070,33.4,34.1,363,11.3,67.7,707,22.1,86,2.7,53.2,438,13.7,1.03,11.9,247,7.7,20.4,425,13.3,6.2,103,3.2,538,16.8,8
bradley,32,7,25,21.9,2154.0,67.3,45.9,90.8,689,1720,40.1,426,625,68.2,151,503,30.0,44.4,48.5,36.3,55.0,21.8,23.2,0.91,1955,61.1,47.5,1054,32.9,26.3,302,9.4,68.6,752,23.5,69,2.2,49.8,343,10.7,0.78,9.5,204,6.4,20.3,438,13.7,5.5,99,3.1,550,17.2,11
brigham-young,35,26,9,74.3,2555.0,73.0,52.8,106.7,977,2099,46.5,540,771,70.0,233,679,34.3,52.1,55.3,36.7,54.6,19.8,25.6,1.07,2727,77.9,52.0,1347,38.5,30.6,381,10.9,73.5,966,27.6,124,3.5,61.3,599,17.1,1.27,11.6,296,8.5,18.5,473,13.5,7.6,154,4.4,637,18.2,15
brown,31,8,23,25.8,2025.0,65.3,46.5,94.2,685,1695,40.4,303,483,62.7,234,647,36.2,47.3,49.5,28.5,47.3,15.9,36.8,0.94,1907,61.5,47.2,1001,32.3,24.9,280,9.0,69.5,721,23.3,73,2.4,60.3,413,13.3,1.08,8.0,162,5.2,18.9,382,12.3,4.5,79,2.5,497,16.0,11
bryant,30,2,28,6.7,1999.0,66.6,45.9,92.6,656,1626,40.3,331,480,69.0,209,690,30.3,46.8,49.9,29.5,48.3,17.9,33.9,0.93,1852,61.7,46.5,942,31.4,27.6,293,9.8,65.4,649,21.6,88,2.9,57.3,376,12.5,0.85,6.7,133,4.4,22.1,441,14.7,3.7,64,2.1,552,18.4,13
bucknell,35,25,10,71.4,2239.0,64.0,51.6,107.6,836,1813,46.1,532,687,77.4,206,526,39.2,51.8,56.3,37.9,52.3,22.1,25.6,1.08,2410,68.9,53.4,1237,35.3,30.0,314,9.0,76.9,923,26.4,102,2.9,57.2,478,13.7,1.15,6.8,152,4.3,18.6,416,11.9,6.1,112,3.2,595,17.0,9
buffalo,31,20,11,64.5,2137.0,68.9,53.7,105.8,806,1734,46.5,438,665,65.9,212,601,35.3,52.6,55.2,38.4,52.5,19.4,28.1,1.06,2262,73.0,53.3,1245,40.2,35.7,374,12.1,70.9,871,28.1,117,3.8,63.4,511,16.5,1.1,8.1,174,5.6,21.7,464,15.0,8.5,157,5.1,549,17.7,9
butler,37,22,15,59.5,2411.0,65.2,51.7,97.6,823,2014,40.9,523,806,64.9,183,651,28.1,45.4,49.1,40.0,54.4,22.2,23.3,0.98,2352,63.6,53.8,1323,35.8,35.7,468,12.6,72.0,855,23.1,122,3.3,55.2,454,12.3,0.94,9.9,239,6.5,20.1,485,13.1,6.7,123,3.3,715,19.3,16
cal-poly,33,18,15,54.5,1994.0,60.4,54.8,107.1,772,1800,42.9,366,524,69.8,226,642,35.2,49.2,52.1,29.1,51.1,17.1,31.7,1.07,2136,64.7,55.4,1138,34.5,36.6,406,12.3,74.2,732,22.2,105,3.2,54.0,417,12.6,1.19,9.4,188,5.7,17.6,351,10.6,3.3,51,1.5,594,18.0,7
cal-state-bakersfield,31,16,15,51.6,2059.0,66.4,52.2,103.0,761,1676,45.4,401,587,68.3,198,542,36.5,51.3,54.3,35.0,53.1,18.9,28.0,1.03,2121,68.4,51.0,971,31.3,34.9,352,11.4,67.2,619,20.0,88,2.8,57.7,439,14.2,0.96,12.0,248,8.0,22.2,457,14.7,7.0,107,3.5,614,19.8,11
cal-state-fullerton,31,21,10,67.7,2178.0,70.3,54.4,111.0,833,1763,47.2,485,699,69.4,266,658,40.4,54.8,57.7,39.6,46.9,20.1,33.0,1.11,2417,78.0,53.5,1165,37.6,36.9,385,12.4,70.1,780,25.2,112,3.6,55.7,464,15.0,0.98,8.0,174,5.6,21.8,475,15.3,4.8,84,2.7,603,19.5,15
cal-state-northridge,28,7,21,25.0,1941.0,69.3,50.5,98.3,641,1671,38.4,456,604,75.5,170,554,30.7,43.4,48.7,36.1,49.4,23.9,26.7,0.98,1908,68.1,50.4,982,35.1,36.2,397,14.2,64.5,585,20.9,102,3.6,58.5,375,13.4,0.98,9.0,175,6.2,19.8,384,13.7,4.5,67,2.4,627,22.4,12
california,34,24,10,70.6,2254.0,66.3,53.9,107.3,893,1878,47.6,477,641,74.4,156,430,36.3,51.7,55.4,34.1,60.9,19.7,19.3,1.07,2419,71.1,52.4,1182,34.8,32.1,341,10.0,72.8,841,24.7,87,2.6,60.5,540,15.9,1.31,7.1,159,4.7,18.2,411,12.1,5.6,106,3.1,489,14.4,8
campbell,32,17,15,53.1,2234.0,69.8,53.4,106.1,846,1748,48.4,509,761,66.9,169,452,37.4,53.2,56.2,43.5,57.1,21.5,21.4,1.06,2370,74.1,49.7,1129,35.3,31.5,329,10.3,67.9,800,25.0,85,2.7,58.6,496,15.5,1.09,8.8,196,6.1,20.3,454,14.2,9.0,167,5.2,648,20.2,23
canisius,30,5,25,16.7,2043.0,68.1,49.5,96.2,704,1731,40.7,366,503,72.8,191,580,32.9,46.2,49.9,29.1,52.2,18.6,29.2,0.96,1965,65.5,48.7,1043,34.8,33.9,371,12.4,63.5,672,22.4,105,3.5,46.4,327,10.9,0.74,9.4,192,6.4,21.6,442,14.7,4.3,76,2.5,539,18.0,16
central-arkansas,29,8,21,27.6,2189.0,75.5,52.0,94.0,786,1884,41.7,336,605,55.5,150,490,30.6,45.7,47.4,32.1,61.8,16.3,21.9,0.94,2058,71.0,48.9,1091,37.6,33.9,425,14.7,63.9,666,23.0,107,3.7,54.2,426,14.7,0.96,10.7,235,8.1,20.3,445,15.3,5.3,92,3.2,588,20.3,8
central-connecticut-state,29,13,16,44.8,2025.0,69.8,50.3,100.2,717,1689,42.5,415,547,75.9,180,524,34.4,47.8,52.1,32.4,52.9,20.5,26.6,1.0,2029,70.0,48.4,975,33.6,33.3,345,11.9,63.4,630,21.7,116,4.0,54.8,393,13.6,0.93,11.6,235,8.1,20.9,424,14.6,6.3,103,3.6,541,18.7,10
central-michigan,32,11,21,34.4,2076.0,64.9,49.8,95.4,700,1772,39.5,377,594,63.5,203,608,33.4,45.2,48.2,33.5,50.2,19.0,30.8,0.95,1980,61.9,48.5,1063,33.2,31.9,378,11.8,65.1,685,21.4,95,3.0,47.0,329,10.3,0.84,10.3,214,6.7,18.9,393,12.3,6.4,105,3.3,631,19.7,16
charleston-southern,31,19,12,61.3,2206.0,71.2,53.8,108.0,835,1866,44.7,454,658,69.0,259,681,38.0,51.7,54.7,35.3,48.3,19.1,32.6,1.08,2383,76.9,52.0,1103,35.6,34.3,393,12.7,69.7,710,22.9,107,3.5,47.4,396,12.8,0.95,11.4,251,8.1,18.9,416,13.4,4.7,82,2.6,563,18.2,7
north-carolina-charlotte,30,13,17,43.3,2079.0,69.3,48.8,96.7,693,1683,41.2,432,656,65.9,192,590,32.5,46.9,50.4,39.0,49.9,21.5,28.7,0.97,2010,67.0,49.7,1074,35.8,30.0,334,11.1,69.5,740,24.7,92,3.1,56.6,392,13.1,0.93,11.7,243,8.1,20.3,421,14.0,5.0,85,2.8,548,18.3,7
chattanooga,32,11,21,34.4,2249.0,70.3,49.8,100.5,765,1849,41.4,490,714,68.6,240,723,33.2,47.9,51.6,38.6,46.5,21.7,31.9,1.0,2260,70.6,51.7,1254,39.2,31.5,377,11.8,71.9,877,27.4,107,3.3,59.6,456,14.2,1.03,9.0,202,6.3,19.7,443,13.8,1.9,36,1.1,555,17.3,9
chicago-state,30,4,26,13.3,2151.0,71.7,46.1,87.6,688,1732,39.7,353,541,65.2,155,526,29.5,44.2,47.4,31.2,56.6,18.7,24.7,0.88,1884,62.8,48.9,1062,35.4,30.1,345,11.5,67.6,717,23.9,118,3.9,46.5,320,10.7,0.63,9.9,214,7.1,23.6,507,16.9,5.7,99,3.3,626,20.9,26
cincinnati,37,26,11,70.3,2403.0,64.9,54.4,105.0,924,2194,42.1,414,643,64.4,260,763,34.1,48.0,50.5,29.3,52.7,16.4,30.9,1.05,2522,68.2,50.6,1333,36.0,35.7,489,13.2,65.6,844,22.8,108,2.9,51.8,479,12.9,1.19,12.4,298,8.1,16.7,402,10.9,8.2,170,4.6,570,15.4,13
citadel,30,6,24,20.0,2015.0,67.2,48.8,95.5,704,1610,43.7,355,537,66.1,162,486,33.3,48.8,51.6,33.4,56.3,18.4,25.2,0.96,1925,64.2,49.0,975,32.5,29.3,297,9.9,68.6,678,22.6,105,3.5,56.8,400,13.3,0.91,8.9,180,6.0,21.9,441,14.7,2.9,50,1.7,497,16.6,11
clemson,31,16,15,51.6,1977.0,63.8,52.1,101.2,736,1701,43.3,358,534,67.0,171,532,32.1,48.3,51.2,31.4,56.5,17.9,25.6,1.01,2001,64.5,51.3,1018,32.8,33.0,345,11.1,69.7,673,21.7,72,2.3,53.3,392,12.6,1.05,11.7,231,7.5,19.0,375,12.1,7.4,117,3.8,499,16.1,8
cleveland-state,33,22,11,66.7,2120.0,64.2,52.1,102.7,804,1798,44.7,352,496,71.0,217,599,36.2,50.8,53.5,27.6,53.9,16.2,29.9,1.03,2177,66.0,50.3,1067,32.3,35.1,371,11.2,65.5,696,21.1,100,3.0,56.1,451,13.7,0.98,13.2,279,8.5,21.6,458,13.9,7.0,110,3.3,693,21.0,18
coastal-carolina,31,19,12,61.3,2087.0,67.3,55.5,107.7,853,1753,48.7,392,582,67.4,150,440,34.1,52.9,55.4,33.2,62.5,17.4,20.0,1.08,2248,72.5,52.8,1171,37.8,35.6,357,11.5,70.0,814,26.3,82,2.6,47.7,407,13.1,0.95,9.7,203,6.5,20.5,428,13.8,6.8,120,3.9,538,17.4,4
colgate,30,8,22,26.7,1985.0,66.2,46.2,95.4,660,1532,43.1,375,544,68.9,198,515,38.4,49.5,52.9,35.5,48.8,19.8,31.4,0.95,1893,63.1,48.3,980,32.7,26.0,250,8.3,70.7,730,24.3,107,3.6,55.0,363,12.1,0.83,5.6,111,3.7,22.1,439,14.6,4.0,68,2.3,570,19.0,10
college-of-charleston,31,19,12,61.3,2153.0,69.5,50.4,101.8,754,1769,42.6,438,683,64.1,245,725,33.8,49.5,52.3,38.6,46.5,20.0,33.5,1.02,2191,70.7,47.2,1111,35.8,29.9,345,11.1,64.5,766,24.7,104,3.4,49.1,370,11.9,0.9,10.6,229,7.4,19.1,411,13.3,6.1,115,3.7,497,16.0,13
colorado,36,24,12,66.7,2383.0,66.2,50.6,101.9,835,1874,44.6,560,810,69.1,199,572,34.8,49.9,53.8,43.2,52.4,23.1,24.6,1.02,2429,67.5,51.0,1289,35.8,30.1,351,9.8,71.9,938,26.1,97,2.7,50.5,422,11.7,0.9,8.8,210,5.8,19.6,468,13.0,5.8,117,3.2,614,17.1,9
colorado-state,32,20,12,62.5,2088.0,65.2,50.8,107.4,764,1621,47.1,526,685,76.8,189,473,40.0,53.0,57.6,42.3,51.3,23.5,25.3,1.07,2243,70.1,49.7,1011,31.6,28.7,266,8.3,70.7,745,23.3,72,2.2,50.9,389,12.2,0.95,8.2,172,5.4,19.5,408,12.8,3.5,60,1.9,606,18.9,18
columbia,30,15,15,50.0,1919.0,64.0,49.6,101.9,683,1585,43.1,378,509,74.3,211,564,37.4,49.7,53.5,32.1,48.3,19.3,32.4,1.02,1955,65.2,51.3,1021,34.0,29.0,285,9.5,73.7,736,24.5,79,2.6,55.6,380,12.7,1.04,9.5,182,6.1,19.0,365,12.2,4.5,70,2.3,511,17.0,11
connecticut,34,20,14,58.8,2204.0,64.8,54.9,106.0,858,1900,45.2,435,657,66.2,185,557,33.2,50.0,52.8,34.6,57.6,18.6,23.8,1.06,2336,68.7,50.8,1273,37.4,36.3,415,12.2,65.2,858,25.2,122,3.6,53.3,457,13.4,1.09,9.0,199,5.9,19.0,418,12.3,11.5,233,6.9,492,14.5,6
coppin-state,30,14,16,46.7,2093.0,69.8,50.7,105.7,756,1749,43.2,412,596,69.1,289,792,36.5,51.5,54.5,34.1,42.2,18.6,39.2,1.06,2213,73.8,47.3,1042,34.7,30.1,326,10.9,64.4,716,23.9,118,3.9,58.6,443,14.8,1.14,8.3,173,5.8,18.5,387,12.9,2.9,53,1.8,501,16.7,11
cornell,28,12,16,42.9,1928.0,68.9,46.0,95.1,639,1567,40.8,338,494,68.4,217,636,34.1,47.7,50.9,31.5,46.0,18.4,35.5,0.95,1833,65.5,46.5,921,32.9,25.1,255,9.1,67.9,657,23.5,90,3.2,59.3,379,13.5,1.01,11.3,218,7.8,19.6,377,13.5,5.6,85,3.0,558,19.9,16
creighton,35,29,6,82.9,2371.0,67.7,55.4,116.9,975,1935,50.4,535,737,72.6,287,677,42.4,57.8,60.7,38.1,49.6,19.3,31.1,1.17,2772,79.2,52.3,1259,36.0,30.8,330,9.4,73.9,929,26.5,96,2.7,63.2,616,17.6,1.46,7.1,169,4.8,17.8,421,12.0,4.0,82,2.3,592,16.9,6
dartmouth,30,5,25,16.7,1911.0,63.7,44.8,90.4,592,1504,39.4,389,552,70.5,154,463,33.3,44.5,48.9,36.7,50.7,22.5,26.8,0.9,1727,57.6,49.9,970,32.3,27.4,270,9.0,72.5,700,23.3,62,2.1,49.2,291,9.7,0.7,8.5,163,5.4,21.9,418,13.9,4.8,73,2.4,557,18.6,12
davidson,33,25,8,75.8,2287.0,69.3,54.9,112.4,879,1969,44.6,558,731,76.3,255,760,33.6,51.1,55.5,37.1,48.5,21.7,29.8,1.12,2571,77.9,54.3,1280,38.8,35.4,414,12.5,73.3,866,26.2,113,3.4,51.8,455,13.8,1.17,8.0,184,5.6,17.0,388,11.8,6.3,116,3.5,673,20.4,21
dayton,33,20,13,60.6,2179.0,66.0,53.3,108.7,814,1860,43.8,484,623,77.7,257,750,34.3,50.7,54.9,33.5,47.0,20.4,32.5,1.09,2369,71.8,52.6,1177,35.7,36.3,407,12.3,68.9,770,23.3,94,2.8,58.0,472,14.3,1.1,8.0,174,5.3,19.7,430,13.0,5.0,89,2.7,617,18.7,9
delaware,32,18,14,56.2,2192.0,68.5,49.6,100.6,746,1750,42.6,545,760,71.7,169,543,31.1,47.5,52.3,43.4,52.3,24.7,23.0,1.01,2206,68.9,47.7,1185,37.0,28.9,326,10.2,66.4,859,26.8,105,3.3,40.5,302,9.4,0.73,6.8,150,4.7,18.8,412,12.9,8.1,160,5.0,571,17.8,12
delaware-state,29,15,14,51.7,1840.0,63.4,52.3,104.2,694,1596,43.5,349,498,70.1,180,515,35.0,49.1,52.3,31.2,53.6,18.2,28.2,1.04,1917,66.1,45.1,877,30.2,30.3,298,10.3,59.8,579,20.0,99,3.4,49.3,342,11.8,1.14,12.4,228,7.9,16.3,299,10.3,12.2,192,6.6,472,16.3,11
denver,31,22,9,71.0,1922.0,62.0,49.5,109.9,728,1494,48.7,401,526,76.2,255,641,39.8,57.3,60.6,35.2,44.8,19.0,36.2,1.1,2112,68.1,45.5,820,26.5,23.5,197,6.4,67.4,623,20.1,75,2.4,66.5,484,15.6,1.29,11.6,223,7.2,19.5,375,12.1,9.2,137,4.4,564,18.2,10
depaul,31,12,19,38.7,2233.0,72.0,51.9,102.9,857,1956,43.8,360,517,69.6,224,669,33.5,49.5,52.2,26.4,55.1,15.7,29.2,1.03,2298,74.1,46.3,1025,33.1,31.4,374,12.1,61.2,651,21.0,108,3.5,55.3,474,15.3,1.14,11.0,245,7.9,18.5,414,13.4,7.0,126,4.1,637,20.5,16
detroit,36,22,14,61.1,2425.0,67.4,54.4,107.1,903,2008,45.0,626,857,73.0,165,553,29.8,49.1,53.8,42.7,56.8,24.1,19.1,1.07,2597,72.1,51.7,1232,34.2,35.7,433,12.0,67.7,799,22.2,108,3.0,51.3,463,12.9,1.03,11.2,272,7.6,18.6,450,12.5,8.6,165,4.6,684,19.0,14
drake,34,18,16,52.9,2312.0,68.0,47.9,98.6,788,1794,43.9,491,749,65.6,212,585,36.2,49.8,53.0,41.8,50.5,21.5,27.9,0.99,2279,67.0,48.3,1104,32.5,24.7,282,8.3,72.0,822,24.2,91,2.7,44.4,350,10.3,0.8,10.2,236,6.9,19.0,440,12.9,5.7,103,3.0,686,20.2,20
drexel,36,29,7,80.6,2191.0,60.9,53.0,107.3,801,1821,44.0,527,711,74.1,221,584,37.8,50.1,54.4,39.0,49.4,22.4,28.2,1.07,2350,65.3,53.9,1276,35.4,34.4,386,10.7,73.4,890,24.7,107,3.0,57.7,462,12.8,1.11,7.9,173,4.8,19.1,418,11.6,6.6,118,3.3,646,17.9,18
duke,34,27,7,79.4,2340.0,68.8,54.9,112.3,874,1915,45.6,606,864,70.1,274,739,37.1,52.8,56.5,45.1,45.7,23.1,31.3,1.12,2628,77.3,51.4,1249,36.7,34.7,406,11.9,68.1,843,24.8,97,2.9,48.4,423,12.4,1.02,9.0,210,6.2,17.7,415,12.2,6.8,136,4.0,626,18.4,14
duquesne,31,16,15,51.6,2153.0,69.5,52.4,104.6,806,1786,45.1,441,660,66.8,199,594,33.5,50.7,53.6,37.0,53.9,19.6,26.5,1.05,2252,72.6,45.0,955,30.8,29.6,325,10.5,60.3,630,20.3,107,3.5,58.7,473,15.3,1.26,11.1,240,7.7,17.4,374,12.1,6.4,113,3.6,541,17.5,9
east-carolina,31,15,16,48.4,2086.0,67.3,50.7,102.4,747,1714,43.6,406,593,68.5,236,676,34.9,50.5,53.5,34.6,47.8,19.0,33.1,1.02,2136,68.9,49.9,1064,34.3,31.5,337,10.9,68.3,727,23.5,84,2.7,60.5,452,14.6,1.06,11.6,241,7.8,20.4,425,13.7,7.8,131,4.2,558,18.0,15
east-tennessee-state,31,17,14,54.8,2066.0,68.9,54.3,101.5,768,1743,44.1,434,684,63.5,128,411,31.1,47.7,50.7,39.2,61.0,20.7,18.3,1.02,2098,67.7,51.2,1070,34.5,36.8,407,13.1,65.5,663,21.4,96,3.1,42.1,323,10.4,0.77,15.3,316,10.2,20.3,419,13.5,5.7,91,2.9,521,16.8,21
eastern-illinois,29,12,17,41.4,1885.0,65.0,50.6,100.6,688,1579,43.6,373,493,75.7,147,430,34.2,48.2,52.3,31.2,57.1,19.7,23.3,1.01,1896,65.4,48.6,929,32.0,32.0,304,10.5,65.2,625,21.6,94,3.2,55.7,383,13.2,1.01,8.8,165,5.7,20.2,380,13.1,4.3,67,2.3,500,17.2,10
eastern-kentucky,32,16,16,50.0,2041.0,63.8,50.1,104.0,744,1715,43.4,404,551,73.3,231,681,33.9,50.1,53.7,32.1,48.3,19.0,32.6,1.04,2123,66.3,47.3,941,29.4,27.9,289,9.0,66.7,652,20.4,96,3.0,50.8,378,11.8,1.09,11.7,239,7.5,17.0,346,10.8,3.6,59,1.8,629,19.7,14
eastern-michigan,32,14,18,43.8,1918.0,59.9,46.3,88.8,583,1555,37.5,385,556,69.2,153,500,30.6,42.4,46.8,35.8,50.5,22.6,26.9,0.89,1704,53.2,47.9,991,31.0,32.3,339,10.6,63.5,652,20.4,110,3.4,53.2,310,9.7,0.71,11.8,227,7.1,22.8,437,13.7,6.3,98,3.1,549,17.2,16
eastern-washington,32,15,17,46.9,2221.0,69.4,51.1,104.7,788,1914,41.2,467,659,70.9,283,793,35.7,48.6,52.2,34.4,43.4,20.1,36.5,1.05,2326,72.7,49.7,1090,34.1,31.4,383,12.0,68.0,707,22.1,98,3.1,49.5,390,12.2,1.03,10.3,228,7.1,17.0,377,11.8,7.1,114,3.6,723,22.6,37
elon,31,15,16,48.4,2211.0,71.3,48.5,98.4,770,1831,42.1,397,589,67.4,238,671,35.5,48.6,51.5,32.2,48.9,18.3,32.8,0.98,2175,70.2,48.1,1139,36.7,28.2,326,10.5,68.0,813,26.2,107,3.5,52.9,407,13.1,0.95,6.7,149,4.8,19.4,429,13.8,4.4,83,2.7,570,18.4,12
evansville,32,16,16,50.0,2216.0,69.2,50.4,106.1,801,1738,46.1,572,749,76.4,177,453,39.1,51.2,56.1,43.1,53.1,24.3,22.6,1.06,2351,73.5,46.4,927,29.0,26.9,279,8.7,65.8,648,20.2,95,3.0,63.5,509,15.9,1.26,11.0,243,7.6,18.2,404,12.6,3.3,54,1.7,680,21.2,22
fairfield,37,22,15,59.5,2411.0,65.2,51.7,100.2,884,1973,44.8,420,645,65.1,229,662,34.6,50.6,53.0,32.7,54.2,17.4,28.4,1.0,2417,65.3,50.4,1238,33.5,34.2,416,11.2,66.5,822,22.2,112,3.0,62.6,553,14.9,1.02,12.8,309,8.4,22.4,540,14.6,7.9,151,4.1,677,18.3,12
fairleigh-dickinson,29,3,26,10.3,1979.0,68.2,47.2,89.0,655,1589,41.2,343,520,66.0,109,393,27.7,44.7,48.0,32.7,62.0,19.5,18.6,0.89,1762,60.8,47.8,968,33.4,29.5,302,10.4,66.0,666,23.0,94,3.2,49.2,322,11.1,0.73,8.4,167,5.8,22.2,440,15.2,6.7,110,3.8,544,18.8,16
florida,37,26,11,70.3,2433.0,65.8,55.3,115.4,976,2106,46.3,499,700,71.3,357,939,38.0,54.8,57.6,33.2,44.1,17.8,38.1,1.15,2808,75.9,51.6,1321,35.7,33.5,416,11.2,69.8,905,24.5,141,3.8,56.5,551,14.9,1.34,9.6,233,6.3,16.9,410,11.1,6.0,124,3.4,575,15.5,6
florida-am,33,10,23,30.3,2326.0,70.5,51.2,93.5,820,2019,40.6,352,572,61.5,183,569,32.2,45.1,47.5,28.3,58.6,16.2,25.2,0.94,2175,65.9,48.7,1200,36.4,36.3,479,14.5,61.1,721,21.8,128,3.9,42.0,344,10.4,0.66,11.6,269,8.2,22.4,520,15.8,7.6,145,4.4,671,20.3,16
florida-atlantic,30,11,19,36.7,1991.0,66.4,51.1,99.3,718,1738,41.3,333,502,66.3,208,613,33.9,47.3,50.0,28.9,51.6,16.8,31.6,0.99,1977,65.9,49.5,1006,33.5,32.9,358,11.9,66.0,648,21.6,105,3.5,53.2,382,12.7,1.04,10.1,201,6.7,18.4,366,12.2,8.0,128,4.3,574,19.1,17
florida-gulf-coast,32,15,17,46.9,2207.0,69.0,52.1,104.5,823,1806,45.6,409,608,67.3,251,672,37.4,52.5,55.0,33.7,49.6,17.7,32.7,1.04,2306,72.1,49.2,1125,35.2,34.0,366,11.4,64.4,759,23.7,87,2.7,52.0,428,13.4,0.9,11.8,261,8.2,21.6,477,14.9,6.8,125,3.9,612,19.1,10
florida-international,29,8,21,27.6,1893.0,65.3,48.9,97.0,630,1514,41.6,426,588,72.4,150,447,33.6,46.6,51.2,38.8,52.3,23.2,24.5,0.97,1836,63.3,48.3,938,32.3,32.8,317,10.9,63.8,621,21.4,97,3.3,43.0,271,9.3,0.64,11.4,216,7.4,22.4,424,14.6,7.4,110,3.8,586,20.2,24
florida-state,35,25,10,71.4,2393.0,68.4,51.5,102.1,877,1923,45.6,473,669,70.7,216,611,35.4,51.2,54.5,34.8,54.1,19.4,26.5,1.02,2443,69.8,51.2,1273,36.4,35.4,404,11.5,66.9,869,24.8,104,3.0,48.7,427,12.2,0.76,11.1,265,7.6,23.6,565,16.1,10.8,213,6.1,653,18.7,13
fordham,29,10,19,34.5,1966.0,67.8,51.1,91.4,663,1729,38.3,333,546,61.0,138,502,27.5,42.3,45.2,31.6,58.4,18.5,23.0,0.91,1797,62.0,50.4,1098,37.9,36.2,423,14.6,64.5,675,23.3,107,3.7,52.3,347,12.0,0.87,9.6,189,6.5,20.2,398,13.7,9.7,163,5.6,516,17.8,14
fresno-state,33,13,20,39.4,2137.0,64.8,50.6,101.5,745,1820,40.9,486,674,72.1,194,617,31.4,46.3,50.7,37.0,50.8,22.4,26.8,1.02,2170,65.8,48.1,1044,31.6,29.9,353,10.7,66.3,691,20.9,91,2.8,50.1,373,11.3,1.06,11.0,235,7.1,16.5,352,10.7,6.2,103,3.1,637,19.3,23
furman,31,15,16,48.4,2001.0,64.5,50.4,100.2,681,1646,41.4,434,608,71.4,210,623,33.7,47.8,51.8,36.9,47.0,21.6,31.4,1.0,2006,64.7,52.1,1074,34.6,35.0,366,11.8,69.3,708,22.8,103,3.3,49.6,338,10.9,0.78,8.0,160,5.2,21.5,431,13.9,6.3,104,3.4,591,19.1,16
gardner-webb,32,12,20,37.5,2139.0,66.8,51.3,98.3,749,1804,41.5,414,620,66.8,191,614,31.1,46.8,50.1,34.4,53.1,19.7,27.2,0.98,2103,65.7,52.1,1169,36.5,34.8,406,12.7,69.4,763,23.8,114,3.6,50.2,376,11.8,0.84,10.4,222,6.9,20.9,447,14.0,4.9,84,2.6,619,19.3,18
george-mason,33,24,9,72.7,2265.0,68.6,52.2,102.6,828,1788,46.3,511,732,69.8,156,470,33.2,50.7,54.4,40.9,57.9,22.0,20.1,1.03,2323,70.4,50.5,1202,36.4,33.9,368,11.2,67.1,834,25.3,100,3.0,51.6,427,12.9,0.85,9.9,224,6.8,22.2,503,15.2,8.7,163,4.9,650,19.7,12
george-washington,31,10,21,32.3,1984.0,64.0,52.4,96.8,733,1725,42.5,326,491,66.4,129,396,32.6,46.2,49.0,28.5,62.9,17.0,20.1,0.97,1921,62.0,50.2,1022,33.0,35.8,385,12.4,64.5,637,20.5,93,3.0,52.1,382,12.3,0.94,10.3,205,6.6,20.6,408,13.2,7.0,115,3.7,550,17.7,6
georgetown,33,24,9,72.7,2121.0,64.3,54.5,107.4,811,1743,46.5,470,673,69.8,186,536,34.7,51.9,55.2,38.6,54.9,20.6,24.5,1.07,2278,69.0,52.7,1193,36.2,35.8,367,11.1,69.6,826,25.0,85,2.6,55.6,451,13.7,1.08,9.4,200,6.1,19.7,417,12.6,8.8,156,4.7,578,17.5,8
georgia,32,15,17,46.9,1988.0,62.1,50.0,98.1,692,1751,39.5,364,530,68.7,202,648,31.2,45.3,48.7,30.3,50.3,18.7,31.1,0.98,1950,60.9,49.8,1066,33.3,30.5,349,10.9,69.1,717,22.4,100,3.1,50.3,348,10.9,1.05,10.0,199,6.2,16.7,332,10.4,7.2,117,3.7,554,17.3,14
georgia-southern,30,15,15,50.0,2025.0,67.5,49.9,98.9,749,1608,46.6,341,513,66.5,163,464,35.1,51.6,54.1,31.9,58.5,17.0,24.4,0.99,2002,66.7,48.8,943,31.4,29.1,278,9.3,68.4,665,22.2,79,2.6,49.5,371,12.4,0.82,11.3,228,7.6,22.3,451,15.0,4.3,69,2.3,581,19.4,10
georgia-state,34,22,12,64.7,2248.0,66.1,52.8,102.2,842,1936,43.5,436,665,65.6,178,562,31.7,48.1,51.0,34.3,57.8,19.0,23.2,1.02,2298,67.6,50.5,1229,36.1,32.5,390,11.5,68.5,839,24.7,103,3.0,50.7,427,12.6,1.08,14.0,315,9.3,17.6,396,11.6,9.9,183,5.4,546,16.1,12
georgia-tech,31,11,20,35.5,1967.0,63.5,49.8,94.9,700,1639,42.7,308,471,65.4,158,507,31.2,47.5,50.1,28.7,58.1,16.5,25.4,0.95,1866,60.2,52.2,1087,35.1,33.5,340,11.0,70.9,747,24.1,93,3.0,48.6,340,11.0,0.76,8.2,161,5.2,22.8,448,14.5,9.2,152,4.9,513,16.5,5
gonzaga,33,26,7,78.8,2201.0,66.7,54.4,110.7,823,1740,47.3,575,803,71.6,215,567,37.9,53.5,57.4,46.1,49.9,23.6,26.5,1.11,2436,73.8,53.3,1216,36.8,34.6,359,10.9,72.1,857,26.0,121,3.7,55.3,455,13.8,1.05,10.1,223,6.8,19.7,433,13.1,5.6,105,3.2,514,15.6,3
grambling-state,28,4,24,14.3,1869.0,66.8,41.7,81.0,520,1455,35.7,358,519,69.0,115,417,27.6,39.7,44.5,35.7,53.5,23.7,22.8,0.81,1513,54.0,45.6,908,32.4,27.5,274,9.8,63.7,634,22.6,110,3.9,46.3,241,8.6,0.54,7.2,135,4.8,24.0,449,16.0,6.1,101,3.6,461,16.5,12
grand-canyon,1,0,1,0.0,74.0,74.0,43.1,89.2,23,55,41.8,15,22,68.2,5,14,35.7,46.4,50.4,40.0,54.5,22.7,22.7,0.89,66,66.0,43.2,35,35.0,22.2,8,8.0,64.3,27,27.0,3,3.0,52.2,12,12.0,0.71,5.4,4,4.0,23.0,17,17.0,3.1,2,2.0,24,24.0,1
wisconsin-green-bay,30,15,15,50.0,1976.0,65.9,50.5,97.9,693,1638,42.3,384,544,70.6,165,461,35.8,47.3,51.0,33.2,54.6,19.8,25.6,0.98,1935,64.5,50.9,1059,35.3,33.5,349,11.6,68.3,710,23.7,109,3.6,53.2,369,12.3,0.87,9.2,181,6.0,21.5,424,14.1,8.6,142,4.7,536,17.9,5
hampton,33,12,21,36.4,2259.0,68.5,49.5,94.5,746,1853,40.3,459,717,64.0,183,639,28.6,45.2,48.6,38.7,52.8,21.5,25.7,0.94,2134,64.7,48.5,1193,36.2,32.6,403,12.2,64.3,790,23.9,92,2.8,47.2,352,10.7,0.75,10.0,226,6.8,20.7,467,14.2,8.6,160,4.8,607,18.4,9
hartford,31,9,22,29.0,2066.0,66.6,42.6,90.0,654,1580,41.4,324,486,66.7,228,736,31.0,48.6,51.4,30.8,45.8,17.4,36.8,0.9,1860,60.0,45.0,898,29.0,21.7,222,7.2,68.3,676,21.8,102,3.3,62.1,406,13.1,0.85,9.9,205,6.6,23.1,478,15.4,4.0,64,2.1,614,19.8,21
harvard,31,26,5,83.9,1895.0,61.1,51.2,107.3,695,1490,46.6,458,613,74.7,185,518,35.7,52.9,57.1,41.1,50.2,22.5,27.3,1.07,2033,65.6,51.7,1003,32.4,30.3,262,8.5,73.1,741,23.9,80,2.6,57.7,401,12.9,1.06,9.7,184,5.9,20.0,379,12.2,8.8,137,4.4,473,15.3,3
hawaii,32,16,16,50.0,2290.0,71.6,52.8,102.9,835,1811,46.1,524,786,66.7,162,501,32.3,50.6,53.9,43.4,57.1,22.2,20.6,1.03,2356,73.6,50.5,1176,36.8,34.7,379,11.8,66.3,797,24.9,94,2.9,56.9,475,14.8,0.98,7.9,182,5.7,21.3,487,15.2,5.3,104,3.2,617,19.3,24
high-point,31,13,18,41.9,2050.0,66.1,52.0,107.5,746,1698,43.9,448,654,68.5,263,656,40.1,51.7,54.8,38.5,43.8,20.3,35.8,1.07,2203,71.1,49.0,1064,34.3,31.8,338,10.9,66.2,726,23.4,122,3.9,52.1,389,12.5,1.01,8.5,174,5.6,18.8,386,12.5,5.1,88,2.8,577,18.6,9
hofstra,32,10,22,31.2,2141.0,66.9,49.8,97.7,700,1732,40.4,536,747,71.8,155,466,33.3,44.9,50.1,43.1,52.1,25.6,22.2,0.98,2091,65.3,50.9,1069,33.4,33.5,382,11.9,68.3,687,21.5,101,3.2,55.6,389,12.2,0.88,11.4,245,7.7,20.6,442,13.8,5.1,84,2.6,595,18.6,15
holy-cross,29,15,14,51.7,1917.0,66.1,49.1,98.4,673,1565,43.0,374,519,72.1,166,489,33.9,48.3,52.1,33.2,53.8,19.8,26.4,0.98,1886,65.0,49.5,1002,34.6,30.0,289,10.0,69.0,713,24.6,85,2.9,54.5,367,12.7,0.93,8.7,167,5.8,20.7,396,13.7,7.8,129,4.4,512,17.7,7
houston,30,15,15,50.0,2055.0,68.5,53.5,104.7,795,1714,46.4,398,565,70.4,164,464,35.3,51.2,54.3,33.0,58.6,18.5,22.9,1.05,2152,71.7,50.8,1088,36.3,35.2,355,11.8,66.4,733,24.4,70,2.3,50.1,398,13.3,0.91,7.6,156,5.2,21.2,435,14.5,8.2,149,5.0,502,16.7,11
houston-baptist,30,10,20,33.3,2251.0,75.0,51.2,98.1,787,1860,42.3,481,704,68.3,153,479,31.9,46.4,50.3,37.8,57.4,21.8,20.8,0.98,2208,73.6,49.3,1088,36.3,33.6,405,13.5,65.0,683,22.8,114,3.8,47.4,373,12.4,0.79,10.0,225,7.5,20.9,470,15.7,2.9,51,1.7,655,21.8,16
howard,31,10,21,32.3,2110.0,68.1,46.9,89.1,618,1613,38.3,505,744,67.9,140,439,31.9,42.7,47.8,46.1,50.8,26.8,22.3,0.89,1881,60.7,50.8,1082,34.9,35.0,388,12.5,66.6,694,22.4,117,3.8,45.8,283,9.1,0.53,9.0,189,6.1,25.3,533,17.2,5.8,94,3.0,691,22.3,19
idaho,33,19,14,57.6,2137.0,64.8,53.2,107.5,807,1692,47.7,469,697,67.3,215,549,39.2,54.0,56.8,41.2,51.5,20.4,28.1,1.08,2298,69.6,50.3,1132,34.3,32.5,328,9.9,68.0,804,24.4,93,2.8,60.2,486,14.7,1.1,7.3,155,4.7,20.6,441,13.4,7.2,135,4.1,566,17.2,6
idaho-state,30,9,21,30.0,2026.0,67.5,49.2,97.7,695,1652,42.1,396,579,68.4,193,562,34.3,47.9,51.3,35.0,50.7,20.0,29.3,0.98,1979,66.0,48.7,919,30.6,30.9,325,10.8,66.5,594,19.8,124,4.1,51.7,359,12.0,0.85,10.4,211,7.0,20.8,421,14.0,4.4,68,2.3,594,19.8,11
illinois,32,17,15,53.1,2086.0,65.2,50.1,100.6,767,1741,44.1,378,529,71.5,186,611,30.4,49.4,52.7,30.4,55.4,18.0,26.6,1.01,2098,65.6,51.0,1045,32.7,31.2,320,10.0,70.9,725,22.7,95,3.0,52.2,400,12.5,0.93,7.8,162,5.1,20.6,430,13.4,8.0,132,4.1,565,17.7,12
illinois-state,35,21,14,60.0,2296.0,65.6,49.4,106.2,804,1832,43.9,534,708,75.4,297,783,37.9,52.0,56.2,38.6,41.6,21.9,36.5,1.06,2439,69.7,50.3,1229,35.1,27.7,309,8.8,72.9,920,26.3,112,3.2,57.1,459,13.1,1.09,7.7,177,5.1,18.4,422,12.1,6.0,118,3.4,588,16.8,10
incarnate-word,NULL
indiana,36,27,9,75.0,2409.0,66.9,55.7,115.5,949,1928,49.2,655,858,76.3,229,531,43.1,55.2,59.6,44.5,51.8,23.5,24.7,1.15,2782,77.3,52.0,1240,34.4,35.3,383,10.6,68.7,857,23.8,110,3.1,51.3,487,13.5,1.05,9.7,233,6.5,19.2,463,12.9,5.8,115,3.2,632,17.6,6
indiana-state,32,18,14,56.2,2084.0,65.1,47.9,99.4,708,1667,42.5,460,638,72.1,196,566,34.6,48.4,52.6,38.3,49.4,22.2,28.4,0.99,2072,64.8,49.8,1042,32.6,26.4,278,8.7,73.3,764,23.9,90,2.8,55.4,392,12.2,1.01,8.9,186,5.8,18.7,390,12.2,5.9,101,3.2,533,16.7,8
iona,33,25,8,75.8,2383.0,72.2,56.2,114.8,1021,2033,50.2,440,617,71.3,254,656,38.7,56.5,58.8,30.3,56.1,16.1,27.9,1.15,2736,82.9,49.9,1148,34.8,32.1,353,10.7,67.7,795,24.1,106,3.2,62.5,638,19.3,1.54,10.1,241,7.3,17.4,414,12.5,3.6,71,2.2,559,16.9,9
iowa,35,18,17,51.4,2386.0,68.2,53.8,107.1,902,1984,45.5,550,763,72.1,201,539,37.3,50.5,54.4,38.5,54.9,21.5,23.6,1.07,2555,73.0,50.4,1205,34.4,32.9,399,11.4,67.9,806,23.0,99,2.8,57.8,521,14.9,1.2,11.0,262,7.5,18.1,433,12.4,6.0,119,3.4,586,16.7,11
iowa-state,34,23,11,67.6,2293.0,67.4,52.8,108.6,847,1888,44.9,503,731,68.8,293,786,37.3,52.6,55.7,38.7,44.5,20.2,35.3,1.09,2490,73.2,52.9,1247,36.7,32.3,371,10.9,73.5,876,25.8,74,2.2,57.1,484,14.2,1.16,8.5,196,5.8,18.3,419,12.3,4.9,96,2.8,547,16.1,5
iupu-fort-wayne,30,11,19,36.7,2098.0,69.9,50.8,100.1,756,1676,45.1,424,621,68.3,164,497,33.0,50.0,53.3,37.1,56.4,20.2,23.4,1.0,2100,70.0,51.4,1030,34.3,31.0,316,10.5,71.9,714,23.8,114,3.8,54.2,410,13.7,0.94,9.0,188,6.3,20.7,434,14.5,4.4,73,2.4,593,19.8,10
iupui,32,14,18,43.8,2150.0,67.2,54.0,107.9,819,1850,44.3,495,638,77.6,186,525,35.4,49.3,53.9,34.5,54.6,21.3,24.1,1.08,2319,72.5,49.9,1053,32.9,34.7,385,12.0,65.2,668,20.9,96,3.0,45.8,375,11.7,0.99,10.1,218,6.8,17.6,379,11.8,5.4,96,3.0,556,17.4,6
jackson-state,31,7,24,22.6,1992.0,64.3,46.9,87.2,618,1621,38.1,368,542,67.9,133,407,32.7,42.2,46.2,33.4,55.8,21.2,23.0,0.87,1737,56.0,48.9,1022,33.0,33.7,364,11.7,64.1,658,21.2,100,3.2,41.7,258,8.3,0.55,11.2,224,7.2,23.7,473,15.3,6.3,103,3.3,598,19.3,13
jacksonville,30,8,22,26.7,2020.0,67.3,51.6,96.6,706,1688,41.8,388,591,65.7,151,474,31.9,46.3,49.5,35.0,56.9,19.9,23.2,0.97,1951,65.0,50.6,1022,34.1,36.3,396,13.2,65.0,626,20.9,81,2.7,51.4,363,12.1,0.81,10.9,220,7.3,22.2,449,15.0,6.8,105,3.5,664,22.1,18
jacksonville-state,33,15,18,45.5,2164.0,65.6,51.5,99.0,748,1761,42.5,503,742,67.8,144,533,27.0,46.6,50.7,42.1,56.4,23.5,20.2,0.99,2143,64.9,50.6,1090,33.0,33.5,387,11.7,67.6,703,21.3,121,3.7,53.3,399,12.1,0.9,11.2,243,7.4,20.4,442,13.4,7.7,125,3.8,636,19.3,17
james-madison,32,12,20,37.5,2135.0,66.7,48.9,99.1,748,1774,42.2,371,557,66.6,248,676,36.7,49.2,51.9,31.4,47.3,17.5,35.2,0.99,2115,66.1,46.3,1015,31.7,29.1,321,10.0,63.5,694,21.7,109,3.4,57.2,428,13.4,1.03,10.0,213,6.7,19.4,414,12.9,4.7,83,2.6,624,19.5,25
kansas,39,32,7,82.1,2634.0,67.5,55.0,108.8,1023,2169,47.2,597,863,69.2,222,643,34.5,52.3,55.6,39.8,55.9,20.8,23.2,1.09,2867,73.5,52.9,1470,37.7,34.9,449,11.5,70.9,1021,26.2,102,2.6,57.4,587,15.1,1.16,10.8,285,7.3,19.2,507,13.0,10.2,222,5.7,678,17.4,8
kansas-state,33,22,11,66.7,2234.0,67.7,55.2,104.9,812,1849,43.9,536,799,67.1,183,546,33.5,48.9,52.6,43.2,53.7,22.9,23.4,1.05,2343,71.0,53.5,1227,37.2,40.7,471,14.3,66.3,756,22.9,98,3.0,57.6,468,14.2,0.99,9.0,200,6.1,21.2,474,14.4,8.9,156,4.7,662,20.1,13
kennesaw-state,31,3,28,9.7,2035.0,65.6,47.8,94.3,691,1665,41.5,332,531,62.5,206,604,34.1,47.7,50.1,31.9,50.5,17.3,32.2,0.94,1920,61.9,45.9,910,29.4,28.7,309,10.0,63.0,601,19.4,80,2.6,54.1,374,12.1,0.87,9.4,192,6.2,21.1,429,13.8,3.3,57,1.8,533,17.2,10
kent-state,33,21,12,63.6,2240.0,67.9,52.6,103.7,830,1836,45.2,462,670,69.0,200,579,34.5,50.7,53.9,36.5,54.3,19.9,25.8,1.04,2322,70.4,49.3,1135,34.4,33.7,379,11.5,64.9,756,22.9,110,3.3,58.7,487,14.8,1.05,12.5,281,8.5,20.7,463,14.0,6.9,128,3.9,554,16.8,7
kentucky,40,38,2,95.0,2653.0,66.3,58.6,116.7,1096,2248,48.8,678,938,72.3,225,595,37.8,53.8,57.5,41.7,56.3,21.9,21.8,1.17,3095,77.4,53.3,1556,38.9,37.9,487,12.2,68.7,1069,26.7,111,2.8,48.4,531,13.3,1.17,9.1,242,6.0,17.1,453,11.3,14.4,343,8.6,594,14.8,10
la-salle,34,21,13,61.8,2350.0,69.1,50.6,105.4,898,1937,46.4,417,578,72.1,265,653,40.6,53.2,56.0,29.8,51.1,16.8,32.1,1.05,2478,72.9,46.7,1113,32.7,27.3,307,9.0,66.0,806,23.7,127,3.7,55.2,496,14.6,1.12,11.7,275,8.1,18.9,443,13.0,5.9,114,3.4,591,17.4,13
lafayette,31,13,18,41.9,2062.0,66.5,47.0,104.8,723,1650,43.8,432,566,76.3,283,735,38.5,52.4,56.3,34.3,40.7,20.0,39.3,1.05,2161,69.7,45.5,907,29.3,23.8,236,7.6,67.1,671,21.6,101,3.3,53.3,385,12.4,0.98,8.0,164,5.3,19.0,391,12.6,4.7,80,2.6,600,19.4,5
lamar,35,23,12,65.7,2413.0,68.9,55.8,106.6,902,2087,43.2,616,855,72.0,153,454,33.7,46.9,51.6,41.0,58.2,23.9,17.8,1.07,2573,73.5,53.8,1387,39.6,37.8,497,14.2,69.8,890,25.4,99,2.8,49.7,448,12.8,1.07,11.7,283,8.1,17.3,418,11.9,7.7,154,4.4,604,17.3,10
lehigh,35,27,8,77.1,2400.0,68.6,53.2,110.3,902,2030,44.4,590,768,76.8,254,726,35.0,50.7,55.3,37.8,48.9,22.3,28.8,1.1,2648,75.7,50.9,1255,35.9,31.7,386,11.0,70.2,869,24.8,151,4.3,50.6,456,13.0,1.17,11.2,269,7.7,16.3,391,11.2,5.4,106,3.0,629,18.0,7
liberty,32,14,18,43.8,2132.0,66.6,53.4,103.2,811,1790,45.3,454,637,71.3,125,395,31.6,48.8,52.6,35.6,62.3,20.6,17.0,1.03,2201,68.8,50.9,1106,34.6,32.7,351,11.0,69.2,755,23.6,109,3.4,54.1,439,13.7,1.14,7.9,169,5.3,18.1,386,12.1,4.2,77,2.4,555,17.3,5
lipscomb,31,13,18,41.9,2239.0,72.2,50.4,100.1,802,1852,43.3,403,634,63.6,235,637,36.9,49.6,52.1,34.2,50.6,18.0,31.4,1.0,2242,72.3,48.2,1107,35.7,31.2,367,11.8,65.1,740,23.9,110,3.5,54.6,438,14.1,0.94,10.0,225,7.3,20.9,467,15.1,4.4,83,2.7,536,17.3,16
long-beach-state,34,25,9,73.5,2298.0,67.6,54.9,109.2,880,1880,46.8,529,790,67.0,221,618,35.8,52.7,55.6,42.0,52.5,21.1,26.4,1.09,2510,73.8,51.8,1212,35.6,34.8,392,11.5,68.7,820,24.1,71,2.1,54.1,476,14.0,1.08,10.5,242,7.1,19.1,439,12.9,4.8,92,2.7,527,15.5,9
long-island,34,25,9,73.5,2551.0,75.0,52.9,108.5,920,1940,47.4,704,965,73.0,225,606,37.1,53.2,57.7,49.7,50.2,25.4,24.4,1.09,2769,81.4,50.0,1295,38.1,34.2,396,11.6,65.7,899,26.4,128,3.8,54.3,500,14.7,0.92,8.1,206,6.1,21.4,546,16.1,4.9,113,3.3,531,15.6,15
longwood,31,10,21,32.3,2274.0,73.4,48.3,100.1,826,1906,43.3,359,530,67.7,265,760,34.9,50.3,52.7,27.8,49.3,15.8,34.9,1.0,2276,73.4,47.0,1060,34.2,24.9,292,9.4,69.1,768,24.8,100,3.2,58.2,481,15.5,1.17,7.2,163,5.3,18.0,410,13.2,3.4,68,2.2,495,16.0,14
louisiana-lafayette,32,16,16,50.0,2281.0,71.3,50.0,96.0,767,1790,42.8,483,766,63.1,172,525,32.8,47.7,50.8,42.8,54.4,22.1,23.6,0.96,2189,68.4,51.5,1227,38.3,33.5,387,12.1,69.6,840,26.2,93,2.9,48.2,370,11.6,0.71,8.2,188,5.9,22.8,520,16.2,8.1,150,4.7,644,20.1,8
louisiana-tech,34,18,16,52.9,2353.0,69.2,50.7,100.2,849,2013,42.2,402,620,64.8,258,777,33.2,48.6,51.1,30.8,50.1,17.0,32.8,1.0,2358,69.4,48.9,1173,34.5,31.3,396,11.6,66.4,777,22.9,133,3.9,51.9,441,13.0,1.0,9.8,230,6.8,18.8,442,13.0,6.7,125,3.7,677,19.9,14
louisiana-monroe,29,3,26,10.3,1877.0,64.7,46.5,93.2,637,1555,41.0,288,441,65.3,188,516,36.4,47.0,49.6,28.4,51.3,16.5,32.2,0.93,1750,60.3,47.6,901,31.1,26.4,261,9.0,68.7,640,22.1,104,3.6,52.0,331,11.4,0.88,8.4,157,5.4,20.1,378,13.0,4.2,66,2.3,512,17.7,21
louisville,40,30,10,75.0,2712.0,67.8,52.1,100.6,963,2281,42.2,568,826,68.8,233,733,31.8,47.3,51.0,36.2,53.5,20.8,25.6,1.01,2727,68.2,50.9,1513,37.8,35.7,519,13.0,66.1,994,24.9,90,2.2,55.2,532,13.3,0.95,13.0,353,8.8,20.7,562,14.1,8.6,193,4.8,706,17.6,16
loyola-il,30,7,23,23.3,1837.0,61.2,48.5,93.5,612,1452,42.1,376,540,69.6,117,377,31.0,46.2,50.2,37.2,57.7,21.9,20.4,0.93,1717,57.2,50.4,924,30.8,32.4,301,10.0,68.4,623,20.8,99,3.3,60.1,368,12.3,0.85,7.4,136,4.5,23.5,432,14.4,2.8,42,1.4,491,16.4,7
loyola-md,33,24,9,72.7,2155.0,65.3,53.4,103.1,755,1775,42.5,548,762,71.9,164,484,33.9,47.2,52.0,42.9,53.2,24.7,22.1,1.03,2222,67.3,52.3,1154,35.0,38.0,429,13.0,66.6,725,22.0,110,3.3,52.1,393,11.9,0.89,11.8,255,7.7,20.6,443,13.4,8.5,147,4.5,628,19.0,16
loyola-marymount,34,21,13,61.8,2342.0,68.9,50.9,102.6,825,1936,42.6,531,720,73.8,221,639,34.6,48.3,52.7,37.2,50.3,22.1,27.6,1.03,2402,70.6,49.7,1214,35.7,32.9,395,11.6,66.4,819,24.1,110,3.2,49.0,404,11.9,0.87,10.8,253,7.4,19.7,462,13.6,5.2,102,3.0,596,17.5,14
lsu,33,18,15,54.5,2216.0,67.2,51.6,97.3,791,1947,40.6,402,582,69.1,173,530,32.6,45.1,48.5,29.9,57.3,18.6,24.1,0.97,2157,65.4,51.6,1217,36.9,34.6,434,13.2,68.7,783,23.7,123,3.7,52.5,415,12.6,0.97,10.5,232,7.0,19.4,429,13.0,7.2,128,3.9,592,17.9,11
maine,29,12,17,41.4,1962.0,67.7,51.4,101.4,750,1696,44.2,320,437,73.2,169,518,32.6,49.2,52.2,25.8,58.4,16.1,25.5,1.01,1989,68.6,48.0,1020,35.2,30.9,318,11.0,65.1,702,24.2,95,3.3,54.4,408,14.1,1.07,9.1,178,6.1,19.4,380,13.1,7.5,125,4.3,539,18.6,22
manhattan,34,21,13,61.8,2337.0,68.7,51.2,103.6,815,1865,43.7,546,750,72.8,244,676,36.1,50.2,54.5,40.2,47.2,22.6,30.2,1.04,2420,71.2,52.0,1223,36.0,36.5,420,12.4,67.6,803,23.6,107,3.1,61.1,498,14.6,0.91,11.5,269,7.9,23.4,547,16.1,9.3,169,5.0,694,20.4,10
marist,32,14,18,43.8,2219.0,69.3,48.2,98.1,721,1733,41.6,531,734,72.3,203,569,35.7,47.5,52.3,42.4,47.6,24.4,28.0,0.98,2176,68.0,49.1,1089,34.0,31.1,346,10.8,67.1,743,23.2,125,3.9,53.4,385,12.0,0.8,8.4,187,5.8,21.7,481,15.0,7.3,140,4.4,520,16.2,10
marquette,35,27,8,77.1,2474.0,70.7,53.4,106.6,919,2033,45.2,599,831,72.1,201,596,33.7,50.1,54.3,40.9,54.4,22.7,22.9,1.07,2638,75.4,49.3,1271,36.3,33.9,414,11.8,64.7,857,24.5,119,3.4,63.1,580,16.6,1.26,12.3,304,8.7,18.6,461,13.2,5.9,122,3.5,620,17.7,5
marshall,35,21,14,60.0,2338.0,66.8,57.3,105.7,895,2052,43.6,479,780,61.4,203,649,31.3,48.6,51.0,38.0,56.0,19.4,24.6,1.06,2472,70.6,55.5,1388,39.7,41.0,542,15.5,70.0,846,24.2,120,3.4,49.6,444,12.7,0.97,9.1,213,6.1,19.6,458,13.1,6.9,132,3.8,708,20.2,19
maryland,32,17,15,53.1,2166.0,67.7,52.1,101.5,743,1747,42.5,539,812,66.4,173,510,33.9,47.5,51.5,46.5,51.9,24.5,23.6,1.01,2198,68.7,51.2,1173,36.7,34.3,388,12.1,68.0,785,24.5,92,2.9,45.6,339,10.6,0.8,6.3,137,4.3,19.6,425,13.3,7.4,139,4.3,563,17.6,12
maryland-baltimore-county,30,4,26,13.3,2092.0,69.7,48.0,90.7,686,1753,39.1,373,564,66.1,152,512,29.7,43.5,46.9,32.2,56.3,19.7,24.0,0.91,1897,63.2,49.2,1045,34.8,31.7,367,12.2,66.7,678,22.6,126,4.2,45.0,309,10.3,0.7,8.4,175,5.8,21.0,439,14.6,3.2,54,1.8,630,21.0,18
maryland-eastern-shore,30,7,23,23.3,2056.0,68.5,47.6,86.8,644,1695,38.0,343,538,63.8,154,555,27.7,42.5,45.8,31.7,54.9,19.2,25.9,0.87,1785,59.5,51.4,1105,36.8,35.6,411,13.7,67.3,694,23.1,108,3.6,49.2,317,10.6,0.61,8.7,178,5.9,25.4,522,17.4,5.3,87,2.9,599,20.0,19
massachusetts,37,25,12,67.6,2769.0,74.8,52.4,102.8,1016,2341,43.4,527,783,67.3,288,825,34.9,49.6,52.5,33.4,51.1,18.5,30.3,1.03,2847,76.9,50.1,1460,39.5,34.5,499,13.5,65.7,961,26.0,158,4.3,55.6,565,15.3,1.03,11.8,326,8.8,19.8,548,14.8,7.8,176,4.8,759,20.5,25
mcneese-state,33,17,16,51.5,2201.0,66.7,52.7,100.3,804,1904,42.2,426,631,67.5,173,539,32.1,46.8,50.1,33.1,57.2,19.3,23.5,1.0,2207,66.9,51.6,1191,36.1,33.9,412,12.5,69.3,779,23.6,90,2.7,43.4,349,10.6,0.87,10.1,222,6.7,18.3,402,12.2,6.8,120,3.6,585,17.7,17
memphis,35,26,9,74.3,2375.0,67.9,54.0,110.1,933,1899,49.1,563,785,71.7,185,511,36.2,54.0,57.5,41.3,57.2,21.5,21.2,1.1,2614,74.7,49.3,1199,34.3,31.3,332,9.5,67.2,867,24.8,106,3.0,54.1,505,14.4,1.14,11.7,278,7.9,18.7,444,12.7,10.1,196,5.6,665,19.0,13
mercer,38,27,11,71.1,2501.0,65.8,50.8,103.5,899,1968,45.7,527,734,71.8,264,730,36.2,52.4,55.9,37.3,49.1,20.4,30.6,1.04,2589,68.1,49.8,1314,34.6,33.5,389,10.2,66.1,925,24.3,132,3.5,57.7,519,13.7,0.92,10.4,259,6.8,22.6,566,14.9,8.7,181,4.8,722,19.0,14
miami-fl,33,20,13,60.6,2195.0,66.5,52.2,106.2,814,1890,43.1,454,630,72.1,250,714,35.0,49.7,53.3,33.3,48.4,19.5,32.2,1.06,2332,70.7,49.8,1147,34.8,32.5,372,11.3,67.0,775,23.5,104,3.2,48.2,392,11.9,1.03,9.6,210,6.4,17.4,382,11.6,6.4,118,3.6,539,16.3,14
miami-oh,30,9,21,30.0,1841.0,61.4,47.4,98.9,639,1472,43.4,323,463,69.8,220,619,35.5,50.9,53.8,31.5,46.0,17.7,36.2,0.99,1821,60.7,47.9,885,29.5,27.6,251,8.4,68.1,634,21.1,72,2.4,54.9,351,11.7,0.86,9.0,165,5.5,22.1,406,13.5,4.7,72,2.4,504,16.8,9
michigan,34,24,10,70.6,2103.0,61.9,51.2,107.2,808,1777,45.5,363,503,72.2,276,788,35.0,53.2,55.9,28.3,47.2,16.1,36.7,1.07,2255,66.3,48.8,1047,30.8,28.0,291,8.6,69.7,756,22.2,80,2.4,53.3,431,12.7,1.16,8.0,168,4.9,17.6,370,10.9,4.1,72,2.1,530,15.6,11
michigan-state,37,29,8,78.4,2415.0,65.3,55.7,109.8,960,2012,47.7,531,759,70.0,200,555,36.0,52.7,55.9,37.7,57.3,20.0,22.6,1.1,2651,71.6,54.7,1404,37.9,36.5,427,11.5,72.9,977,26.4,102,2.8,59.0,566,15.3,1.18,11.0,265,7.2,19.9,480,13.0,7.9,157,4.2,650,17.6,6
middle-tennessee-state,34,27,7,79.4,2277.0,67.0,55.8,108.0,882,1782,49.5,532,838,63.5,163,445,36.6,54.1,56.4,47.0,58.5,21.6,19.9,1.08,2459,72.3,50.8,1196,35.2,35.0,376,11.1,66.7,820,24.1,95,2.8,59.5,525,15.4,1.11,10.5,238,7.0,20.8,473,13.9,8.2,150,4.4,670,19.7,7
wisconsin-milwaukee,34,20,14,58.8,2220.0,65.3,49.8,98.3,748,1792,41.7,423,691,61.2,264,764,34.6,49.1,51.5,38.6,44.3,19.4,36.3,0.98,2183,64.2,50.9,1179,34.7,31.9,377,11.1,70.0,802,23.6,127,3.7,57.0,426,12.5,0.91,9.4,209,6.1,21.0,467,13.7,4.8,87,2.6,582,17.1,6
minnesota,38,23,15,60.5,2460.0,64.7,53.2,104.4,915,1979,46.2,536,769,69.7,203,571,35.6,51.4,54.8,38.9,55.4,20.9,23.7,1.04,2569,67.6,52.0,1326,34.9,36.4,435,11.4,67.7,890,23.4,142,3.7,62.6,573,15.1,1.03,10.9,269,7.1,22.7,558,14.7,9.1,186,4.9,703,18.5,13
mississippi-state,33,21,12,63.6,2208.0,66.9,53.3,107.7,854,1880,45.4,436,614,71.0,233,653,35.7,51.6,54.7,32.7,52.3,18.3,29.4,1.08,2377,72.0,51.7,1208,36.6,31.6,359,10.9,71.8,849,25.7,90,2.7,51.6,441,13.4,1.11,9.0,198,6.0,17.9,396,12.0,5.9,116,3.5,457,13.8,8
mississippi-valley-state,34,21,13,61.8,2404.0,70.7,50.0,97.0,812,2025,40.1,456,708,64.4,252,777,32.4,46.3,49.4,35.0,48.0,19.6,32.4,0.97,2332,68.6,50.5,1257,37.0,33.3,447,13.1,67.7,810,23.8,101,3.0,55.5,451,13.3,0.91,12.5,300,8.8,20.6,495,14.6,4.7,87,2.6,698,20.5,24
missouri,35,30,5,85.7,2330.0,66.6,56.4,120.8,981,1945,50.4,559,730,76.6,293,737,39.8,58.0,61.4,37.5,48.9,19.9,31.2,1.21,2814,80.4,49.1,1120,32.0,30.4,319,9.1,67.8,801,22.9,95,2.7,57.7,566,16.2,1.58,12.2,285,8.1,15.4,358,10.2,5.0,97,2.8,499,14.3,11
missouri-state,32,16,16,50.0,2062.0,64.4,50.5,102.3,775,1778,43.6,372,516,72.1,186,549,33.9,48.8,52.1,29.0,55.8,17.6,26.4,1.02,2110,65.9,50.0,1101,34.4,27.7,294,9.2,72.3,807,25.2,72,2.2,55.9,433,13.5,1.28,7.2,148,4.6,16.4,338,10.6,3.9,66,2.1,592,18.5,15
missouri-kansas-city,31,10,21,32.3,2014.0,65.0,47.0,99.2,699,1621,43.1,344,495,69.5,256,679,37.7,51.0,53.8,30.5,44.3,17.2,38.4,0.99,1998,64.5,45.7,873,28.2,25.9,257,8.3,65.5,616,19.9,99,3.2,54.4,380,12.3,0.92,9.4,190,6.1,20.5,413,13.3,4.5,74,2.4,589,19.0,17
monmouth,32,12,20,37.5,2242.0,70.1,49.0,95.5,777,1855,41.9,392,603,65.0,194,583,33.3,47.1,50.0,32.5,54.5,18.3,27.2,0.95,2140,66.9,45.9,995,31.1,29.6,353,11.0,62.1,642,20.1,148,4.6,56.8,441,13.8,0.98,11.3,253,7.9,20.0,449,14.0,2.8,49,1.5,663,20.7,24
montana,32,25,7,78.1,2125.0,66.4,51.0,105.4,781,1689,46.2,482,672,71.7,195,524,37.2,52.0,55.7,39.8,52.3,21.5,26.1,1.05,2239,70.0,48.5,1044,32.6,28.2,285,8.9,68.7,759,23.7,95,3.0,55.8,436,13.6,1.09,10.8,229,7.2,18.9,401,12.5,6.8,115,3.6,585,18.3,10
montana-state,29,12,17,41.4,1995.0,68.8,50.8,101.8,709,1669,42.5,414,598,69.2,198,565,35.0,48.4,52.0,35.8,50.3,20.4,29.3,1.02,2030,70.0,50.6,990,34.1,31.9,340,11.7,69.4,650,22.4,102,3.5,53.3,378,13.0,0.95,9.7,193,6.7,19.8,396,13.7,6.9,108,3.7,569,19.6,11
morehead-state,33,18,15,54.5,2044.0,61.9,50.4,101.3,701,1621,43.2,453,608,74.5,215,599,35.9,49.9,54.2,37.5,47.0,21.9,31.2,1.01,2070,62.7,52.6,1023,31.0,36.4,365,11.1,68.8,658,19.9,96,2.9,56.2,394,11.9,0.8,13.8,282,8.5,24.1,493,14.9,2.8,42,1.3,618,18.7,16
morgan-state,29,9,20,31.0,1974.0,68.1,50.7,98.0,676,1574,42.9,437,646,67.6,145,472,30.7,47.6,51.4,41.0,54.9,22.6,22.5,0.98,1934,66.7,49.0,1014,35.0,34.9,352,12.1,63.1,662,22.8,109,3.8,50.4,341,11.8,0.75,9.7,191,6.6,22.9,453,15.6,7.9,130,4.5,549,18.9,10
mount-st-marys,29,8,21,27.6,1892.0,65.2,48.8,92.4,647,1525,42.4,295,458,64.4,159,502,31.7,47.6,50.2,30.0,55.8,16.9,27.3,0.92,1748,60.3,50.2,952,32.8,34.8,332,11.4,65.6,619,21.3,93,3.2,51.3,332,11.4,0.69,9.4,178,6.1,25.4,481,16.6,6.4,99,3.4,535,18.4,14
murray-state,33,31,2,93.9,2196.0,66.5,53.5,109.8,811,1732,46.8,551,761,72.4,239,604,39.6,53.7,57.6,43.9,47.4,22.8,29.7,1.1,2412,73.1,50.5,1106,33.5,34.9,360,10.9,66.1,746,22.6,87,2.6,51.5,418,12.7,0.91,12.6,276,8.4,20.9,458,13.9,7.9,139,4.2,592,17.9,12
navy,29,3,26,10.3,1820.0,62.8,47.3,92.2,594,1464,40.6,333,487,68.4,157,559,28.1,45.9,49.5,33.3,52.1,19.8,28.1,0.92,1678,57.9,50.5,873,30.1,31.3,299,10.3,69.8,574,19.8,97,3.3,55.7,331,11.4,0.78,12.0,218,7.5,23.2,423,14.6,3.9,54,1.9,528,18.2,12
north-carolina-state,37,24,13,64.9,2513.0,67.9,55.1,107.3,977,2134,45.8,545,774,70.4,198,557,35.5,50.4,53.9,36.3,57.8,20.2,22.0,1.07,2697,72.9,52.5,1390,37.6,35.8,457,12.4,69.3,933,25.2,109,2.9,59.1,577,15.6,1.23,9.9,249,6.7,18.7,470,12.7,7.0,150,4.1,623,16.8,15
nebraska,30,12,18,40.0,1878.0,62.6,47.1,97.3,649,1521,42.7,335,437,76.7,194,599,32.4,49.0,52.8,28.7,49.8,18.3,31.9,0.97,1827,60.9,49.4,901,30.0,27.5,254,8.5,71.3,647,21.6,86,2.9,58.7,381,12.7,0.96,10.5,198,6.6,21.1,396,13.2,5.1,78,2.6,496,16.5,10
nebraska-omaha,16,1,15,6.2,1155.0,72.2,46.7,95.5,405,959,42.2,184,270,68.1,109,351,31.1,47.9,50.7,28.2,53.7,16.7,29.6,0.95,1103,68.9,44.0,510,31.9,23.4,141,8.8,64.6,369,23.1,52,3.2,58.0,235,14.7,1.11,6.9,80,5.0,18.3,211,13.2,3.0,31,1.9,278,17.4,2
nevada,35,28,7,80.0,2332.0,66.6,53.6,105.5,842,1871,45.0,541,832,65.0,236,642,36.8,51.3,54.3,44.5,49.2,22.0,28.8,1.06,2461,70.3,52.4,1297,37.1,34.9,418,11.9,70.0,879,25.1,124,3.5,53.4,450,12.9,0.94,8.4,197,5.6,20.6,481,13.7,8.3,167,4.8,568,16.2,9
new-hampshire,29,13,16,44.8,1886.0,65.0,47.7,94.1,620,1547,40.1,322,529,60.9,212,617,34.4,46.9,49.3,34.2,46.0,18.2,35.9,0.94,1774,61.2,49.3,970,33.4,28.7,299,10.3,69.9,671,23.1,88,3.0,46.0,285,9.8,0.75,8.1,153,5.3,20.1,379,13.1,4.6,69,2.4,524,18.1,10
new-jersey-tech,32,15,17,46.9,2202.0,68.8,49.7,101.5,787,1861,42.3,404,575,70.3,258,732,35.2,49.2,52.4,30.9,47.3,18.1,34.6,1.02,2236,69.9,49.3,1121,35.0,29.6,339,10.6,69.0,782,24.4,95,3.0,52.5,413,12.9,1.02,10.5,232,7.2,18.3,403,12.6,5.6,97,3.0,646,20.2,14
new-mexico,35,28,7,80.0,2329.0,66.5,53.7,109.3,876,1898,46.2,529,748,70.7,264,699,37.8,53.1,56.5,39.4,48.1,20.8,31.1,1.09,2545,72.7,53.6,1320,37.7,34.7,395,11.3,72.5,925,26.4,104,3.0,65.4,573,16.4,1.23,10.3,240,6.9,20.1,467,13.3,6.1,117,3.3,609,17.4,6
new-mexico-state,36,26,10,72.2,2554.0,70.9,57.7,110.1,970,2045,47.4,707,1058,66.8,165,505,32.7,51.5,55.2,51.7,57.3,25.1,17.6,1.1,2812,78.1,55.8,1433,39.8,41.1,518,14.4,70.5,915,25.4,81,2.2,51.3,498,13.8,0.93,9.6,244,6.8,20.9,533,14.8,7.4,154,4.3,630,17.5,16
new-orleans,NULL
niagara,33,14,19,42.4,2275.0,68.9,51.2,102.1,785,1940,40.5,503,718,70.1,249,763,32.6,46.9,50.9,37.0,46.2,21.7,32.2,1.02,2322,70.4,48.9,1082,32.8,33.6,423,12.8,64.2,659,20.0,123,3.7,50.1,393,11.9,0.93,12.0,274,8.3,18.5,421,12.8,5.3,90,2.7,721,21.8,26
nicholls-state,30,10,20,33.3,2069.0,69.0,47.0,96.1,694,1616,42.9,403,599,67.3,198,625,31.7,49.1,52.3,37.1,49.9,20.3,29.9,0.96,1989,66.3,45.1,918,30.6,27.3,278,9.3,62.8,640,21.3,117,3.9,52.6,365,12.2,0.81,7.8,161,5.4,21.9,453,15.1,3.2,55,1.8,587,19.6,22
norfolk-state,36,26,10,72.2,2488.0,69.1,51.2,99.8,870,1977,44.0,544,829,65.6,198,635,31.2,49.0,52.3,41.9,54.1,21.9,23.9,1.0,2482,68.9,50.7,1305,36.2,34.1,419,11.6,67.3,886,24.6,119,3.3,49.5,431,12.0,0.8,9.6,240,6.7,21.7,539,15.0,8.3,169,4.7,702,19.5,12
north-carolina,38,32,6,84.2,2770.0,72.9,58.9,111.6,1134,2473,45.9,629,922,68.2,194,580,33.4,49.8,53.1,37.3,60.8,20.3,18.8,1.12,3091,81.3,56.2,1711,45.0,39.9,589,15.5,72.5,1122,29.5,119,3.1,58.1,659,17.3,1.45,9.4,259,6.8,16.4,454,11.9,9.0,219,5.8,551,14.5,3
north-carolina-at,32,12,20,37.5,2308.0,72.1,49.0,96.9,778,1852,42.0,456,698,65.3,224,667,33.6,48.1,51.2,37.7,49.6,20.4,30.1,0.97,2236,69.9,47.4,1171,36.6,31.2,374,11.7,63.5,797,24.9,140,4.4,52.6,409,12.8,0.82,10.2,235,7.3,21.7,501,15.7,5.6,108,3.4,617,19.3,10
north-carolina-central,32,17,15,53.1,2169.0,67.8,50.7,104.3,772,1644,47.0,527,746,70.6,192,539,35.6,52.8,56.6,45.4,51.3,23.3,25.5,1.04,2263,70.7,48.9,1035,32.3,31.4,309,9.7,66.4,726,22.7,95,3.0,58.3,450,14.1,0.92,12.1,263,8.2,22.5,487,15.2,7.3,123,3.8,590,18.4,13
north-carolina-asheville,34,24,10,70.6,2406.0,70.8,54.9,114.1,920,1907,48.2,682,893,76.4,223,629,35.5,54.1,58.9,46.8,50.8,24.8,24.4,1.14,2745,80.7,50.2,1178,34.6,34.4,377,11.1,65.9,801,23.6,85,2.5,61.5,566,16.6,1.24,11.8,283,8.3,19.0,456,13.4,4.5,88,2.6,612,18.0,10
north-carolina-greensboro,32,13,19,40.6,2308.0,72.1,50.4,96.7,791,1961,40.3,427,623,68.5,222,656,33.8,46.0,49.4,31.8,51.0,19.1,29.9,0.97,2231,69.7,50.6,1145,35.8,35.2,442,13.8,65.9,703,22.0,131,4.1,46.9,371,11.6,0.76,10.4,240,7.5,21.1,486,15.2,4.8,85,2.7,675,21.1,13
north-carolina-wilmington,31,10,21,32.3,2069.0,66.7,50.7,97.3,723,1740,41.6,394,580,67.9,173,530,32.6,46.5,49.9,33.3,54.6,19.6,25.8,0.97,2013,64.9,50.3,1138,36.7,33.5,377,12.2,67.0,761,24.5,70,2.3,51.2,370,11.9,0.86,8.4,173,5.6,20.7,428,13.8,6.8,122,3.9,552,17.8,10
north-dakota,32,17,15,53.1,2193.0,68.5,49.2,98.2,762,1722,44.3,428,679,63.0,201,609,33.0,50.1,52.7,39.4,52.1,19.9,28.0,0.98,2153,67.3,49.4,1109,34.7,28.3,315,9.8,70.6,794,24.8,82,2.6,52.8,402,12.6,0.86,9.4,207,6.5,21.2,465,14.5,7.8,139,4.3,562,17.6,12
north-dakota-state,31,17,14,54.8,2077.0,67.0,52.2,109.1,805,1649,48.8,458,635,72.1,199,531,37.5,54.9,58.1,38.5,53.5,20.2,26.3,1.09,2267,73.1,49.5,1017,32.8,27.5,256,8.3,71.5,761,24.5,78,2.5,52.3,421,13.6,1.1,9.2,192,6.2,18.5,384,12.4,6.5,108,3.5,603,19.5,18
north-florida,32,16,16,50.0,2181.0,68.2,51.7,99.4,787,1720,45.8,393,645,60.9,201,561,35.8,51.6,53.5,37.5,54.1,18.1,27.8,0.99,2168,67.8,49.5,1096,34.2,33.2,358,11.2,65.7,738,23.1,80,2.5,49.8,392,12.2,0.8,8.5,186,5.8,22.6,493,15.4,5.6,104,3.2,590,18.4,11
north-texas,32,18,14,56.2,2242.0,70.1,51.9,100.4,818,1885,43.4,455,639,71.2,159,495,32.1,47.6,51.4,33.9,58.6,20.2,21.2,1.0,2250,70.3,52.6,1249,39.0,34.3,401,12.5,70.9,848,26.5,98,3.1,47.1,385,12.0,0.83,8.9,200,6.2,20.7,464,14.5,7.1,130,4.1,561,17.5,6
northeastern,31,14,17,45.2,2009.0,64.8,49.4,96.6,676,1579,42.8,420,598,70.2,169,485,34.8,48.2,52.1,37.9,52.2,21.6,26.1,0.97,1941,62.6,49.8,998,32.2,34.1,343,11.1,65.5,655,21.1,98,3.2,54.6,369,11.9,0.76,12.2,246,7.9,24.1,484,15.6,7.4,119,3.8,578,18.6,19
northern-arizona,29,5,24,17.2,1926.0,66.4,48.7,93.7,661,1620,40.8,325,469,69.3,157,481,32.6,45.6,48.9,29.0,55.9,18.0,26.1,0.94,1804,62.2,50.2,944,32.6,32.9,338,11.7,67.4,606,20.9,97,3.3,61.6,407,14.0,0.95,9.9,190,6.6,22.3,430,14.8,3.9,62,2.1,467,16.1,9
northern-colorado,28,9,19,32.1,1910.0,68.2,51.9,106.1,699,1454,48.1,429,614,69.9,199,448,44.4,54.9,58.0,42.2,49.4,21.2,29.5,1.06,2026,72.4,53.2,959,34.2,34.2,292,10.4,72.2,667,23.8,107,3.8,49.9,349,12.5,0.77,8.1,155,5.5,23.9,456,16.3,4.3,66,2.4,556,19.9,11
northern-illinois,31,5,26,16.1,1954.0,63.0,46.7,87.8,594,1602,37.1,343,511,67.1,185,584,31.7,42.9,46.5,31.9,47.7,20.0,32.3,0.88,1716,55.4,52.9,1073,34.6,35.3,387,12.5,70.5,686,22.1,103,3.3,51.2,304,9.8,0.61,8.0,156,5.0,25.4,497,16.0,4.7,73,2.4,623,20.1,15
northern-iowa,34,20,14,58.8,2137.0,62.9,48.3,103.7,754,1752,43.0,441,605,72.9,267,691,38.6,50.7,54.3,34.5,44.0,19.9,36.1,1.04,2216,65.2,49.6,1078,31.7,24.6,270,7.9,74.7,808,23.8,79,2.3,50.9,384,11.3,1.04,9.5,203,6.0,17.2,368,10.8,3.6,63,1.9,534,15.7,10
northern-kentucky,NULL
northwestern,33,19,14,57.6,2094.0,63.5,51.2,109.2,790,1754,45.0,409,592,69.1,297,771,38.5,53.5,56.2,33.8,43.1,17.9,39.0,1.09,2286,69.3,44.7,964,29.2,26.3,279,8.5,63.1,685,20.8,118,3.6,64.8,512,15.5,1.53,10.5,219,6.6,16.0,335,10.2,6.7,123,3.7,526,15.9,9
northwestern-state,32,16,16,50.0,2297.0,71.8,51.4,98.3,789,1852,42.6,488,799,61.1,193,625,30.9,47.8,50.6,43.1,52.8,21.6,25.6,0.98,2259,70.6,47.4,1165,36.4,33.1,405,12.7,61.6,760,23.8,94,2.9,52.1,411,12.8,0.87,12.2,280,8.8,20.5,471,14.7,10.8,204,6.4,633,19.8,4
notre-dame,34,22,12,64.7,2123.0,62.4,52.6,106.3,781,1800,43.4,474,673,70.4,221,665,33.2,49.5,53.2,37.4,49.6,21.0,29.4,1.06,2257,66.4,49.1,1144,33.6,30.5,345,10.1,67.7,799,23.5,94,2.8,63.6,497,14.6,1.45,8.3,177,5.2,16.1,342,10.1,6.0,114,3.4,470,13.8,10
oakland,36,20,16,55.6,2549.0,70.8,53.0,112.8,947,2104,45.0,646,877,73.7,335,895,37.4,53.0,57.0,41.7,42.6,22.5,35.0,1.13,2875,79.9,50.6,1216,33.8,31.4,397,11.0,69.8,819,22.8,113,3.1,50.3,476,13.2,1.11,9.1,232,6.4,16.9,430,11.9,3.5,75,2.1,656,18.2,15
ohio,37,29,8,78.4,2487.0,67.2,52.3,104.4,901,2107,42.8,517,749,69.0,278,809,34.4,49.4,52.7,35.5,48.0,19.9,32.1,1.04,2597,70.2,50.0,1262,34.1,33.9,452,12.2,66.1,810,21.9,125,3.4,54.2,488,13.2,1.01,14.0,347,9.4,19.4,482,13.0,5.5,103,2.8,723,19.5,13
ohio-state,39,31,8,79.5,2605.0,66.8,56.8,111.8,1057,2219,47.6,600,846,70.9,199,596,33.4,52.1,55.6,38.1,58.9,20.6,20.5,1.12,2913,74.7,55.4,1440,36.9,35.9,465,11.9,74.9,975,25.0,95,2.4,53.7,568,14.6,1.24,10.8,281,7.2,17.6,459,11.8,6.1,125,3.2,630,16.2,4
oklahoma,31,15,16,48.4,2091.0,67.5,53.8,102.4,794,1827,43.5,413,568,72.7,141,401,35.2,47.3,51.1,31.1,61.0,19.3,19.7,1.02,2142,69.1,52.5,1143,36.9,36.2,403,13.0,68.9,740,23.9,88,2.8,54.3,431,13.9,1.09,9.3,194,6.3,18.9,396,12.8,5.5,96,3.1,538,17.4,7
oklahoma-state,33,15,18,45.5,2211.0,67.0,47.0,99.9,746,1756,42.5,506,685,73.9,211,633,33.3,48.5,53.1,39.0,48.4,22.9,28.7,1.0,2209,66.9,45.1,1047,31.7,24.0,265,8.0,66.2,782,23.7,83,2.5,50.4,376,11.4,0.95,9.7,214,6.5,17.9,395,12.0,7.5,140,4.2,629,19.1,15
old-dominion,36,22,14,61.1,2391.0,66.4,54.6,99.0,844,2082,40.5,473,766,61.7,207,647,32.0,45.5,48.4,36.8,53.8,20.0,26.2,0.99,2368,65.8,55.0,1446,40.2,39.8,562,15.6,70.2,884,24.6,113,3.1,54.0,456,12.7,0.92,13.2,316,8.8,20.7,495,13.8,8.8,165,4.6,661,18.4,18
mississippi,34,20,14,58.8,2311.0,68.0,53.1,98.4,820,1896,43.2,486,806,60.3,149,471,31.6,47.2,49.9,42.5,59.0,21.4,19.6,0.98,2275,66.9,51.7,1299,38.2,35.8,444,13.1,67.6,855,25.1,109,3.2,46.3,380,11.2,0.78,9.7,225,6.6,21.0,485,14.3,9.1,178,5.2,612,18.0,23
oral-roberts,34,27,7,79.4,2204.0,64.8,55.2,111.9,864,1786,48.4,557,747,74.6,182,507,35.9,53.5,57.6,41.8,55.3,22.6,22.1,1.12,2467,72.6,53.2,1087,32.0,35.0,363,10.7,71.4,724,21.3,108,3.2,53.1,459,13.5,1.05,10.1,222,6.5,19.8,436,12.8,5.1,90,2.6,572,16.8,15
oregon,34,24,10,70.6,2306.0,67.8,53.5,109.6,883,1884,46.9,515,726,70.9,246,658,37.4,53.4,56.7,38.5,50.4,20.4,29.2,1.1,2527,74.3,50.6,1161,34.1,33.1,360,10.6,68.1,801,23.6,95,2.8,54.9,485,14.3,1.11,8.8,204,6.0,19.0,438,12.9,6.2,121,3.6,583,17.1,9
oregon-state,36,21,15,58.3,2605.0,72.4,54.5,109.1,995,2093,47.5,630,931,67.7,221,616,35.9,52.8,56.0,44.5,54.5,22.2,23.3,1.09,2841,78.9,50.1,1254,34.8,33.8,421,11.7,66.4,833,23.1,94,2.6,57.0,567,15.8,1.12,12.6,328,9.1,19.5,507,14.1,8.1,166,4.6,672,18.7,9
pacific,30,11,19,36.7,1912.0,63.7,49.0,98.7,644,1591,40.5,400,581,68.8,200,624,32.1,46.8,50.6,36.5,47.0,21.2,31.8,0.99,1888,62.9,47.4,959,32.0,29.8,313,10.4,65.0,646,21.5,88,2.9,58.4,376,12.5,1.04,8.1,155,5.2,18.9,361,12.0,3.4,54,1.8,518,17.3,7
penn-state,32,12,20,37.5,2035.0,63.6,50.6,97.1,695,1770,39.3,386,563,68.6,201,647,31.1,44.9,48.5,31.8,50.0,19.5,30.5,0.97,1977,61.8,53.2,1084,33.9,34.4,397,12.4,72.1,687,21.5,90,2.8,49.5,344,10.8,0.88,10.7,218,6.8,19.2,390,12.2,5.0,77,2.4,636,19.9,19
pennsylvania,33,20,13,60.6,2110.0,63.9,48.9,101.7,767,1731,44.3,374,513,72.9,238,637,37.4,51.2,54.3,29.6,49.3,17.4,33.3,1.02,2146,65.0,47.3,993,30.1,27.0,281,8.5,67.6,712,21.6,105,3.2,58.3,447,13.5,1.08,11.4,241,7.3,19.6,414,12.5,5.0,83,2.5,647,19.6,9
pepperdine,29,10,19,34.5,1830.0,63.1,49.7,93.9,603,1523,39.6,369,560,65.9,144,454,31.7,44.3,48.0,36.8,53.4,21.5,25.1,0.94,1719,59.3,52.6,1055,36.4,34.1,350,12.1,71.1,705,24.3,112,3.9,59.4,358,12.3,0.91,7.4,135,4.7,21.5,394,13.6,5.6,85,2.9,525,18.1,8
pittsburgh,39,22,17,56.4,2449.0,62.8,56.9,109.9,981,2164,45.3,483,691,69.9,247,707,34.9,51.0,54.0,31.9,54.5,17.9,27.5,1.1,2692,69.0,55.0,1407,36.1,41.0,532,13.6,69.0,875,22.4,121,3.1,60.4,593,15.2,1.2,7.5,183,4.7,20.2,495,12.7,5.0,103,2.6,671,17.2,7
portland,31,7,24,22.6,2123.0,68.5,48.3,95.1,723,1691,42.8,410,571,71.8,162,507,32.0,47.5,51.4,33.8,55.6,20.3,24.1,0.95,2018,65.1,49.6,1034,33.4,31.6,328,10.6,67.6,706,22.8,99,3.2,50.9,368,11.9,0.76,6.8,145,4.7,22.8,483,15.6,5.0,86,2.8,645,20.8,18
portland-state,32,17,15,53.1,2204.0,68.9,54.1,110.6,846,1751,48.3,561,761,73.7,185,531,34.8,53.6,57.7,43.5,54.2,23.0,22.8,1.11,2438,76.2,51.3,1112,34.8,33.0,334,10.4,69.7,778,24.3,104,3.2,43.7,370,11.6,0.86,7.7,170,5.3,19.6,431,13.5,4.7,90,2.8,539,16.8,13
prairie-view-am,32,14,18,43.8,2276.0,71.1,49.5,88.6,755,1922,39.3,340,629,54.1,166,532,31.2,43.6,45.4,32.7,58.4,16.9,24.7,0.89,2016,63.0,52.8,1264,39.5,34.4,452,14.1,71.2,812,25.4,152,4.8,45.8,346,10.8,0.67,11.0,251,7.8,22.6,514,16.1,5.9,103,3.2,621,19.4,7
presbyterian,29,14,15,48.3,1805.0,62.2,50.9,104.7,661,1425,46.4,396,563,70.3,171,493,34.7,52.4,55.8,39.5,51.9,21.0,27.2,1.05,1889,65.1,49.6,857,29.6,30.4,254,8.8,68.7,603,20.8,72,2.5,48.9,323,11.1,0.86,7.3,131,4.5,20.7,374,12.9,3.4,52,1.8,457,15.8,14
princeton,32,20,12,62.5,2058.0,64.3,50.2,104.0,776,1681,46.2,353,520,67.9,236,628,37.6,53.2,55.5,30.9,50.4,16.5,33.1,1.04,2141,66.9,48.6,1048,32.8,26.9,266,8.3,70.4,782,24.4,68,2.1,59.9,465,14.5,1.18,9.9,203,6.3,19.1,394,12.3,7.2,124,3.9,524,16.4,9
providence,32,15,17,46.9,2114.0,66.1,53.8,104.2,772,1806,42.7,501,712,70.4,158,447,35.3,47.1,51.4,39.4,55.7,22.7,21.5,1.04,2203,68.8,50.2,1181,36.9,36.1,410,12.8,64.4,771,24.1,118,3.7,56.3,435,13.6,1.11,8.0,170,5.3,18.5,391,12.2,8.7,166,5.2,542,16.9,12
purdue,35,22,13,62.9,2259.0,64.5,55.1,111.3,889,2019,44.0,452,689,65.6,284,753,37.7,51.1,53.6,34.1,48.1,18.0,33.9,1.11,2514,71.8,50.2,1158,33.1,31.8,391,11.2,68.5,767,21.9,119,3.4,52.9,470,13.4,1.54,10.0,226,6.5,13.5,306,8.7,5.9,110,3.1,620,17.7,8
quinnipiac,32,18,14,56.2,2178.0,68.1,58.0,104.3,828,1943,42.6,474,743,63.8,141,423,33.3,46.2,49.5,38.2,60.5,20.9,18.6,1.04,2271,71.0,57.2,1384,43.2,42.3,534,16.7,72.0,850,26.6,125,3.9,47.9,397,12.4,0.98,7.8,170,5.3,18.5,404,12.6,6.0,106,3.3,655,20.5,19
radford,32,6,26,18.8,2139.0,66.8,48.3,91.6,699,1819,38.4,359,564,63.7,202,659,30.7,44.0,46.9,31.0,50.7,18.3,30.9,0.92,1959,61.2,48.9,1057,33.0,32.4,395,12.3,65.4,662,20.7,113,3.5,49.2,344,10.8,0.77,10.9,234,7.3,20.8,445,13.9,4.9,80,2.5,669,20.9,12
rhode-island,31,7,24,22.6,2156.0,69.5,53.2,98.6,757,1888,40.1,447,648,69.0,165,593,27.8,44.5,48.4,34.3,55.7,21.0,23.3,0.99,2126,68.6,53.8,1189,38.4,39.0,487,15.7,68.6,702,22.6,100,3.2,46.0,348,11.2,0.77,9.3,200,6.5,20.9,451,14.5,6.9,121,3.9,559,18.0,14
rice,35,19,16,54.3,2422.0,69.2,49.8,100.7,859,1921,44.7,525,768,68.4,195,573,34.0,49.8,53.3,40.0,54.5,21.5,24.0,1.01,2438,69.7,50.0,1257,35.9,27.8,335,9.6,72.3,922,26.3,99,2.8,59.7,513,14.7,1.08,10.6,257,7.3,19.7,476,13.6,8.1,159,4.5,617,17.6,5
richmond,32,16,16,50.0,2078.0,64.9,49.4,106.2,724,1693,42.8,509,667,76.3,250,699,35.8,50.1,54.9,39.4,43.0,23.1,34.0,1.06,2207,69.0,45.8,969,30.3,27.9,294,9.2,63.6,675,21.1,79,2.5,54.8,397,12.4,1.08,9.3,194,6.1,17.7,367,11.5,9.2,161,5.0,561,17.5,8
rider,32,13,19,40.6,2226.0,69.6,48.6,102.9,771,1712,45.0,503,699,72.0,246,653,37.7,52.2,56.0,40.8,45.8,22.0,32.2,1.03,2291,71.6,46.7,1072,33.5,28.2,296,9.2,65.1,776,24.2,108,3.4,57.5,443,13.8,0.92,8.6,191,6.0,21.7,483,15.1,6.6,127,4.0,558,17.4,11
robert-morris,37,26,11,70.3,2407.0,65.1,54.1,105.2,844,2020,41.8,604,862,70.1,240,682,35.2,47.7,52.1,42.7,47.7,23.9,28.4,1.05,2532,68.4,54.7,1322,35.7,40.2,524,14.2,69.2,798,21.6,135,3.6,58.4,493,13.3,0.97,12.8,308,8.3,21.2,510,13.8,5.1,90,2.4,766,20.7,25
rutgers,32,14,18,43.8,2131.0,66.6,51.5,98.3,764,1802,42.4,398,571,69.7,169,504,33.5,47.1,50.5,31.7,56.8,19.0,24.2,0.98,2095,65.5,50.6,1103,34.5,36.6,409,12.8,64.7,694,21.7,129,4.0,53.3,407,12.7,0.86,12.2,261,8.2,22.3,475,14.8,7.4,122,3.8,673,21.0,16
sacramento-state,28,10,18,35.7,1841.0,65.8,50.8,101.8,663,1470,45.1,397,568,69.9,152,448,33.9,50.3,53.9,38.6,54.5,21.2,24.3,1.02,1875,67.0,50.8,932,33.3,31.0,279,10.0,70.7,653,23.3,86,3.1,58.2,386,13.8,1.01,7.1,130,4.6,20.8,383,13.7,4.3,64,2.3,535,19.1,9
sacred-heart,32,14,18,43.8,2218.0,69.3,50.2,102.7,807,1756,46.0,456,612,74.5,207,561,36.9,51.9,55.6,34.9,52.7,20.0,27.3,1.03,2277,71.2,49.4,1085,33.9,31.4,322,10.1,67.3,763,23.8,100,3.1,55.3,446,13.9,0.91,9.5,211,6.6,22.1,491,15.3,5.5,102,3.2,588,18.4,19
saint-louis,34,26,8,76.5,2155.0,63.4,52.9,108.4,814,1813,44.9,470,653,72.0,238,663,35.9,51.5,55.0,36.0,49.3,20.1,30.6,1.08,2336,68.7,51.4,1113,32.7,31.6,347,10.2,71.3,766,22.5,119,3.5,56.4,459,13.5,1.2,11.0,236,6.9,17.7,382,11.2,5.9,99,2.9,569,16.7,10
saint-marys,33,27,6,81.8,2146.0,65.0,56.2,115.0,857,1811,47.3,508,697,72.9,245,713,34.4,54.1,57.6,38.5,49.6,20.6,29.8,1.15,2467,74.8,54.7,1211,36.7,35.8,377,11.4,73.7,834,25.3,59,1.8,60.7,520,15.8,1.36,10.6,227,6.9,17.8,383,11.6,5.7,102,3.1,527,16.0,4
sam-houston-state,32,13,19,40.6,2072.0,64.8,47.9,90.5,657,1580,41.6,412,689,59.8,149,501,29.7,46.3,49.2,43.6,54.2,22.0,23.8,0.9,1875,58.6,50.7,1110,34.7,31.1,336,10.5,70.4,774,24.2,74,2.3,62.1,408,12.8,0.83,8.9,185,5.8,23.8,493,15.4,4.5,74,2.3,591,18.5,16
samford,30,11,19,36.7,1932.0,64.4,50.2,102.7,712,1604,44.4,313,478,65.5,247,739,33.4,52.1,54.2,29.8,46.9,15.8,37.3,1.03,1984,66.1,46.5,962,32.1,29.1,287,9.6,63.8,675,22.5,76,2.5,58.8,419,14.0,1.09,8.3,161,5.4,20.0,386,12.9,3.8,65,2.2,520,17.3,7
san-diego,31,13,18,41.9,2094.0,67.5,49.0,99.3,744,1648,45.1,392,598,65.6,199,548,36.3,51.2,53.8,36.3,52.4,18.9,28.7,0.99,2079,67.1,47.1,958,30.9,26.6,271,8.7,67.6,687,22.2,98,3.2,56.6,421,13.6,0.99,9.9,207,6.7,20.2,424,13.7,6.0,102,3.3,565,18.2,14
san-diego-state,34,26,8,76.5,2298.0,67.6,52.5,105.1,863,1903,45.3,493,703,70.1,197,578,34.1,50.5,54.0,36.9,55.1,20.4,24.5,1.05,2416,71.1,52.5,1253,36.9,31.5,360,10.6,73.6,893,26.3,100,2.9,48.3,417,12.3,0.98,8.2,189,5.6,18.5,426,12.5,4.1,79,2.3,543,16.0,9
san-francisco,34,20,14,58.8,2378.0,69.9,52.9,107.8,906,1942,46.7,512,745,68.7,239,681,35.1,52.8,55.8,38.4,52.0,20.0,28.0,1.08,2563,75.4,51.6,1128,33.2,30.4,354,10.4,72.8,774,22.8,80,2.4,51.9,470,13.8,1.06,12.0,285,8.4,18.6,442,13.0,3.4,63,1.9,609,17.9,12
san-jose-state,31,9,22,29.0,2087.0,67.3,49.1,100.6,715,1810,39.5,437,586,74.6,232,701,33.1,45.9,50.3,32.4,46.0,20.8,33.2,1.01,2099,67.7,47.9,1044,33.7,29.9,342,11.0,65.9,702,22.6,100,3.2,58.2,416,13.4,1.22,7.2,151,4.9,16.3,341,11.0,2.1,38,1.2,548,17.7,12
santa-clara,30,8,22,26.7,2031.0,67.7,50.5,102.7,717,1751,40.9,412,582,70.8,239,657,36.4,47.8,51.4,33.2,45.9,19.8,34.4,1.03,2085,69.5,48.8,995,33.2,30.6,344,11.5,67.0,651,21.7,72,2.4,53.6,384,12.8,1.1,7.4,151,5.0,17.1,348,11.6,6.1,98,3.3,625,20.8,15
savannah-state,33,21,12,63.6,2154.0,65.3,52.9,97.0,746,1791,41.7,405,688,58.9,192,586,32.8,47.0,49.3,38.4,53.0,19.4,27.6,0.97,2089,63.3,54.7,1190,36.1,38.3,460,13.9,71.1,730,22.1,115,3.5,56.6,422,12.8,0.87,10.7,230,7.0,22.6,487,14.8,7.0,112,3.4,621,18.8,13
seattle,27,12,15,44.4,2045.0,75.7,52.1,101.0,779,1792,43.5,316,454,69.6,191,578,33.0,48.8,51.4,25.3,56.9,15.3,27.7,1.01,2065,76.5,52.8,1120,41.5,34.3,371,13.7,71.3,749,27.7,114,4.2,47.9,373,13.8,0.9,11.1,226,8.4,20.2,414,15.3,5.4,87,3.2,568,21.0,19
seton-hall,34,21,13,61.8,2269.0,66.7,51.8,102.4,833,1913,43.5,422,626,67.4,236,668,35.3,49.7,52.6,32.7,51.4,18.2,30.5,1.02,2324,68.4,50.8,1194,35.1,32.2,381,11.2,69.5,813,23.9,82,2.4,57.1,476,14.0,1.1,12.5,284,8.4,19.0,431,12.7,5.8,107,3.1,604,17.8,19
siena,31,14,17,45.2,2051.0,66.2,50.3,96.3,718,1692,42.4,393,577,68.1,146,476,30.7,46.7,50.2,34.1,57.9,19.9,22.2,0.96,1975,63.7,50.5,1119,36.1,33.2,353,11.4,67.8,766,24.7,101,3.3,54.5,391,12.6,0.89,8.8,180,5.8,21.3,437,14.1,5.8,106,3.4,432,13.9,13
siu-edwardsville,27,10,17,37.0,1834.0,67.9,47.8,96.8,626,1419,44.1,341,521,65.5,182,459,39.7,50.5,53.3,36.7,50.0,19.2,30.8,0.97,1775,65.7,47.0,869,32.2,28.0,250,9.3,65.9,619,22.9,70,2.6,52.7,330,12.2,0.8,8.3,152,5.6,22.6,415,15.4,3.9,61,2.3,499,18.5,7
south-alabama,29,17,12,58.6,1931.0,66.6,54.1,100.2,682,1606,42.5,435,621,70.0,136,400,34.0,46.7,50.9,38.7,56.4,22.5,21.1,1.0,1935,66.7,55.0,1152,39.7,42.9,440,15.2,67.2,712,24.6,101,3.5,47.4,323,11.1,0.69,7.4,143,4.9,24.2,468,16.1,8.3,139,4.8,501,17.3,8
south-carolina,31,10,21,32.3,1935.0,62.4,50.9,98.3,689,1713,40.2,321,458,70.1,204,625,32.6,46.2,49.3,26.7,51.0,16.9,32.2,0.98,1903,61.4,49.2,970,31.3,36.1,383,12.4,62.4,587,18.9,91,2.9,44.8,309,10.0,0.78,11.0,212,6.8,20.4,394,12.7,9.8,151,4.9,561,18.1,9
south-carolina-state,31,5,26,16.1,2173.0,70.1,50.4,92.1,721,1827,39.5,417,641,65.1,142,498,28.5,43.3,46.9,35.1,57.9,20.8,21.3,0.92,2001,64.5,50.2,1168,37.7,36.3,447,14.4,64.1,721,23.3,142,4.6,45.4,327,10.5,0.67,8.8,192,6.2,22.5,489,15.8,7.0,131,4.2,563,18.2,12
south-dakota,28,10,18,35.7,1954.0,69.8,49.0,101.4,710,1577,45.0,371,530,70.0,191,535,35.7,51.1,54.2,33.6,52.4,18.7,28.9,1.01,1982,70.8,47.7,934,33.4,25.3,242,8.6,70.1,692,24.7,105,3.8,57.0,405,14.5,1.11,9.4,184,6.6,18.7,365,13.0,6.0,101,3.6,438,15.6,8
south-dakota-state,35,27,8,77.1,2339.0,66.8,54.9,115.0,918,1963,46.8,569,783,72.7,284,728,39.0,54.0,57.6,39.9,47.2,21.2,31.7,1.15,2689,76.8,51.5,1195,34.1,31.2,363,10.4,71.8,832,23.8,117,3.3,54.5,500,14.3,1.35,10.1,236,6.7,15.8,370,10.6,3.3,65,1.9,567,16.2,5
south-florida,36,22,14,61.1,2164.0,60.1,50.9,98.6,772,1765,43.7,421,597,70.5,169,534,31.6,48.5,52.1,33.8,56.5,19.7,23.8,0.99,2134,59.3,51.9,1233,34.2,34.2,374,10.4,69.7,859,23.9,118,3.3,54.8,423,11.8,0.87,9.2,200,5.6,22.4,485,13.5,7.3,137,3.8,552,15.3,7
southeast-missouri-state,31,15,16,48.4,2047.0,66.0,55.0,107.1,819,1724,47.5,373,592,63.0,181,490,36.9,52.8,54.7,34.3,58.2,17.0,24.8,1.07,2192,70.7,51.7,1090,35.2,33.9,353,11.4,69.5,737,23.8,114,3.7,56.4,462,14.9,1.14,7.6,156,5.0,19.8,405,13.1,6.3,108,3.5,582,18.8,16
southeastern-louisiana,29,12,17,41.4,1930.0,66.6,48.5,90.1,629,1530,41.1,352,596,59.1,128,425,30.1,45.3,47.9,39.0,57.7,20.3,22.1,0.9,1738,59.9,50.7,1045,36.0,32.1,330,11.4,69.4,715,24.7,88,3.0,51.0,321,11.1,0.72,9.3,180,6.2,23.1,446,15.4,6.6,102,3.5,511,17.6,15
southern-illinois,31,8,23,25.8,2063.0,66.5,50.3,94.2,709,1711,41.4,391,611,64.0,135,478,28.2,45.4,48.6,35.7,59.1,20.1,20.8,0.94,1944,62.7,50.8,1014,32.7,32.9,371,12.0,68.8,643,20.7,92,3.0,51.2,363,11.7,0.83,11.1,230,7.4,21.2,437,14.1,6.8,103,3.3,662,21.4,15
southern-methodist,32,13,19,40.6,1958.0,61.2,46.0,97.5,645,1539,41.9,371,551,67.3,248,728,34.1,50.0,53.0,35.8,41.6,19.4,39.0,0.97,1909,59.7,45.9,909,28.4,24.9,249,7.8,66.9,660,20.6,92,2.9,59.2,382,11.9,0.95,11.3,221,6.9,20.6,403,12.6,4.6,72,2.2,543,17.0,14
southern-miss,34,25,9,73.5,2248.0,66.1,54.8,107.9,819,1975,41.5,573,779,73.6,215,601,35.8,46.9,51.7,39.4,49.8,23.6,26.6,1.08,2426,71.4,54.8,1246,36.6,37.2,471,13.9,72.4,775,22.8,113,3.3,45.7,374,11.0,0.99,9.1,205,6.0,16.8,377,11.1,5.7,98,2.9,651,19.1,18
southern-university,31,17,14,54.8,2070.0,66.8,44.8,90.8,659,1607,41.0,416,607,68.5,145,462,31.4,45.5,49.6,37.8,54.7,22.1,23.2,0.91,1879,60.6,44.4,1028,33.2,24.4,256,8.3,64.3,772,24.9,109,3.5,51.9,342,11.0,0.79,8.8,183,5.9,21.0,434,14.0,6.4,111,3.6,601,19.4,15
southern-utah,31,14,17,45.2,2025.0,65.3,52.2,100.6,755,1594,47.4,446,617,72.3,82,276,29.7,49.9,54.0,38.7,66.0,21.9,12.1,1.01,2038,65.7,51.7,993,32.0,32.2,302,9.7,71.2,691,22.3,105,3.4,58.7,443,14.3,1.03,8.3,169,5.5,21.3,432,13.9,4.5,71,2.3,633,20.4,22
st-bonaventure,32,20,12,62.5,2105.0,65.8,53.1,107.1,770,1687,45.6,540,710,76.1,174,504,34.5,50.8,55.7,42.1,52.9,24.0,23.2,1.07,2254,70.4,53.4,1143,35.7,36.5,367,11.5,70.3,776,24.2,105,3.3,57.7,444,13.9,0.98,8.8,186,5.8,21.5,453,14.2,7.7,133,4.2,592,18.5,9
st-francis-ny,30,15,15,50.0,2111.0,70.4,49.3,98.7,727,1685,43.1,391,590,66.3,239,672,35.6,50.2,53.0,35.0,46.8,18.8,34.4,0.99,2084,69.5,51.6,1085,36.2,32.6,344,11.5,70.6,741,24.7,123,4.1,53.9,392,13.1,0.81,9.7,205,6.8,23.0,486,16.2,4.5,73,2.4,643,21.4,15
st-francis-pa,29,6,23,20.7,1863.0,64.2,47.7,94.6,652,1422,45.9,324,496,65.3,135,401,33.7,50.6,53.2,34.9,58.7,18.4,23.0,0.95,1763,60.8,44.8,816,28.1,28.0,245,8.4,61.6,571,19.7,80,2.8,55.7,363,12.5,0.79,10.1,188,6.5,24.5,457,15.8,5.1,80,2.8,503,17.3,12
st-johns,32,13,19,40.6,2158.0,67.4,52.0,98.7,757,1803,42.0,485,713,68.0,130,461,28.2,45.6,49.7,39.5,58.9,22.8,18.3,0.99,2129,66.5,47.5,1097,34.3,34.4,400,12.5,60.6,697,21.8,120,3.8,45.6,345,10.8,0.82,11.8,255,8.0,19.6,423,13.2,6.3,119,3.7,533,16.7,13
st-josephs-pa,34,20,14,58.8,2291.0,67.4,52.4,106.8,876,1862,47.0,468,676,69.2,226,622,36.3,53.1,56.0,36.3,53.1,19.1,27.7,1.07,2446,71.9,49.1,1234,36.3,29.8,324,9.5,68.3,910,26.8,109,3.2,56.3,493,14.5,1.15,7.1,163,4.8,18.8,430,12.6,11.7,244,7.2,517,15.2,16
st-peters,31,5,26,16.1,2037.0,65.7,46.4,88.3,668,1646,40.6,309,477,64.8,154,489,31.5,45.3,48.0,29.0,57.1,17.2,25.7,0.88,1799,58.0,46.4,939,30.3,30.1,321,10.4,62.6,618,19.9,88,2.8,58.4,390,12.6,0.81,11.6,236,7.6,23.8,484,15.6,6.9,110,3.5,598,19.3,20
stanford,37,26,11,70.3,2542.0,68.7,53.1,104.5,938,2107,44.5,529,794,66.6,252,665,37.9,50.5,53.5,37.7,51.6,19.9,28.5,1.05,2657,71.8,53.4,1375,37.2,35.0,452,12.2,71.8,923,24.9,148,4.0,50.6,475,12.8,0.93,9.7,246,6.6,20.1,511,13.8,6.3,126,3.4,716,19.4,15
stephen-f-austin,32,20,12,62.5,1992.0,62.2,53.5,98.9,724,1620,44.7,411,650,63.2,111,387,28.7,48.1,51.1,40.1,62.2,20.9,16.9,0.99,1970,61.6,56.0,1128,35.2,36.9,376,11.8,75.2,752,23.5,104,3.2,61.0,442,13.8,1.01,11.5,229,7.2,21.9,437,13.7,5.8,87,2.7,535,16.7,6
stetson,29,9,20,31.0,2114.0,72.9,49.4,98.8,732,1660,44.1,396,570,69.5,229,667,34.3,51.0,54.1,34.3,48.2,19.0,32.9,0.99,2089,72.0,49.7,1058,36.5,33.5,341,11.8,65.8,717,24.7,85,2.9,59.3,434,15.0,0.84,8.9,188,6.5,24.3,514,17.7,4.6,83,2.9,560,19.3,16
stony-brook,32,22,10,68.8,2009.0,62.8,55.4,105.8,768,1800,42.7,390,563,69.3,199,604,32.9,48.2,51.4,31.3,53.6,18.4,28.1,1.06,2125,66.4,57.2,1203,37.6,39.8,448,14.0,74.5,755,23.6,121,3.8,46.0,353,11.0,0.89,8.8,177,5.5,19.7,395,12.3,3.3,53,1.7,483,15.1,6
syracuse,37,34,3,91.9,2419.0,65.4,57.6,113.4,1006,2156,46.7,495,709,69.8,233,668,34.9,52.1,55.0,32.9,56.4,18.1,25.5,1.13,2742,74.1,48.3,1283,34.7,36.3,459,12.4,60.4,824,22.3,102,2.8,56.1,564,15.2,1.45,14.0,338,9.1,16.0,388,10.5,12.4,255,6.9,574,15.5,12
texas-christian,33,18,15,54.5,2318.0,70.2,50.3,102.8,819,1884,43.5,505,731,69.1,239,668,35.8,49.8,53.4,38.8,48.7,21.2,30.1,1.03,2382,72.2,50.2,1086,32.9,30.5,357,10.8,70.0,729,22.1,80,2.4,54.3,445,13.5,0.98,9.8,228,6.9,19.6,455,13.8,4.5,80,2.4,628,19.0,15
temple,32,24,8,75.0,2206.0,68.9,53.4,108.8,861,1836,46.9,451,627,71.9,228,574,39.7,53.1,56.3,34.2,52.7,18.8,28.5,1.09,2401,75.0,49.9,1114,34.8,31.5,333,10.4,68.2,781,24.4,95,3.0,57.3,493,15.4,1.23,10.4,230,7.2,18.2,401,12.5,7.2,134,4.2,567,17.7,7
tennessee,34,19,15,55.9,2261.0,66.5,51.5,103.4,809,1848,43.8,491,699,70.2,229,649,35.3,50.0,53.6,37.8,49.6,21.0,29.4,1.03,2338,68.8,51.5,1244,36.6,33.1,382,11.2,69.9,862,25.4,85,2.5,53.9,436,12.8,0.94,8.5,193,5.7,20.6,466,13.7,7.8,149,4.4,628,18.5,12
tennessee-state,33,20,13,60.6,2235.0,67.7,50.9,100.7,774,1772,43.7,499,724,68.9,203,586,34.6,49.4,53.2,40.9,50.8,22.2,27.1,1.01,2250,68.2,52.1,1129,34.2,34.4,381,11.5,69.9,748,22.7,106,3.2,53.6,415,12.6,0.84,11.1,248,7.5,22.1,495,15.0,6.5,113,3.4,609,18.5,7
tennessee-tech,33,19,14,57.6,2281.0,69.1,52.1,103.7,823,1772,46.4,540,758,71.2,179,511,35.0,51.5,55.5,42.8,54.5,22.8,22.7,1.04,2365,71.7,51.2,1108,33.6,33.9,360,10.9,68.4,748,22.7,93,2.8,54.7,450,13.6,0.9,9.9,226,6.8,21.9,499,15.1,4.3,78,2.4,629,19.1,14
tennessee-martin,31,4,27,12.9,2078.0,67.0,49.3,93.5,701,1698,41.3,416,592,70.3,125,437,28.6,45.0,49.1,34.9,59.3,21.4,19.3,0.94,1943,62.7,49.3,986,31.8,33.8,371,12.0,64.7,615,19.8,94,3.0,57.5,403,13.0,0.84,9.0,187,6.0,23.0,478,15.4,4.3,73,2.4,602,19.4,18
texas,34,20,14,58.8,2284.0,67.2,54.8,108.1,836,1927,43.4,601,820,73.3,197,601,32.8,48.5,53.3,42.6,51.7,24.3,23.9,1.08,2470,72.6,52.0,1228,36.1,38.5,453,13.3,65.5,775,22.8,110,3.2,50.1,419,12.3,0.98,10.1,231,6.8,18.7,426,12.5,6.7,125,3.7,659,19.4,23
texas-am,32,14,18,43.8,2032.0,63.5,50.1,96.3,732,1695,43.2,330,502,65.7,162,491,33.0,48.0,50.6,29.6,58.3,16.9,24.8,0.96,1956,61.1,51.4,1087,34.0,31.1,332,10.4,71.7,755,23.6,101,3.2,51.2,375,11.7,0.87,9.0,182,5.7,21.2,430,13.4,4.3,71,2.2,574,17.9,14
texas-am-corpus-christi,30,6,24,20.0,1997.0,66.6,46.7,87.9,627,1584,39.6,360,600,60.0,141,461,30.6,44.0,47.0,37.9,55.4,20.5,24.1,0.88,1755,58.5,48.3,1015,33.8,29.6,325,10.8,67.0,690,23.0,100,3.3,55.3,347,11.6,0.76,8.6,171,5.7,22.8,456,15.2,6.9,111,3.7,592,19.7,9
texas-southern,33,15,18,45.5,2202.0,66.7,47.7,91.8,684,1656,41.3,470,746,63.0,183,555,33.0,46.8,50.3,45.0,49.6,23.3,27.2,0.92,2021,61.2,49.6,1159,35.1,33.5,372,11.3,65.6,787,23.8,123,3.7,48.4,331,10.0,0.59,12.6,278,8.4,25.4,560,17.0,7.7,139,4.2,592,17.9,11
texas-state,30,13,17,43.3,2242.0,77.3,50.7,102.2,796,1842,43.2,455,639,71.2,245,680,36.0,49.9,53.4,34.7,48.1,19.9,32.1,1.02,2292,76.4,48.8,1084,36.1,31.4,360,12.0,66.2,724,24.1,122,4.1,52.9,421,14.0,0.96,11.1,248,8.3,19.6,440,14.7,5.5,95,3.2,629,21.0,13
texas-tech,31,8,23,25.8,2035.0,65.6,44.3,90.6,644,1470,43.8,414,590,70.2,142,398,35.7,48.6,52.7,40.1,54.4,22.5,23.1,0.91,1844,59.5,46.9,939,30.3,26.8,242,7.8,67.0,697,22.5,91,2.9,53.6,345,11.1,0.65,7.9,161,5.2,26.0,530,17.1,5.7,92,3.0,658,21.2,17
texas-arlington,33,24,9,72.7,2392.0,72.5,53.0,106.1,842,1884,44.7,624,888,70.3,229,647,35.4,50.8,55.0,47.1,48.3,24.6,27.1,1.06,2537,76.9,53.2,1298,39.3,36.9,439,13.3,69.5,859,26.0,101,3.1,52.5,442,13.4,0.83,10.9,260,7.9,22.2,531,16.1,6.6,123,3.7,632,19.2,7
texas-el-paso,32,15,17,46.9,2038.0,63.7,49.3,99.2,727,1588,45.8,423,619,68.3,144,423,34.0,50.3,53.7,39.0,57.7,20.9,21.4,0.99,2021,63.2,48.4,1015,31.7,28.0,269,8.4,68.7,746,23.3,87,2.7,61.5,447,14.0,1.04,7.4,151,4.7,21.1,431,13.5,5.2,89,2.8,540,16.9,21
texas-pan-american,32,11,21,34.4,2128.0,66.5,44.5,93.7,677,1631,41.5,409,580,70.5,230,631,36.5,48.6,52.3,35.6,44.9,20.5,34.6,0.94,1993,62.3,45.8,974,30.4,25.7,268,8.4,65.9,706,22.1,92,2.9,62.5,423,13.2,0.86,7.7,163,5.1,23.1,492,15.4,3.5,63,2.0,568,17.8,11
texas-san-antonio,32,18,14,56.2,2227.0,69.6,49.2,105.0,793,1775,44.7,481,647,74.3,272,690,39.4,52.3,56.2,36.5,44.5,20.6,34.9,1.05,2339,73.1,47.5,1058,33.1,28.3,299,9.3,66.6,759,23.7,91,2.8,54.6,433,13.5,0.98,11.8,263,8.2,19.9,443,13.8,5.4,97,3.0,557,17.4,13
toledo,36,19,17,52.8,2383.0,66.2,52.1,104.9,871,1916,45.5,543,748,72.6,217,588,36.9,51.1,55.0,39.0,52.3,21.7,26.0,1.05,2500,69.4,48.4,1203,33.4,32.9,382,10.6,63.9,821,22.8,99,2.8,53.8,469,13.0,0.96,10.5,251,7.0,20.6,490,13.6,3.9,79,2.2,605,16.8,8
towson,32,1,31,3.1,2024.0,63.2,47.2,81.4,580,1581,36.7,379,647,58.6,108,400,27.0,40.1,43.6,40.9,57.3,23.0,19.7,0.81,1647,51.5,51.9,1147,35.8,38.5,439,13.7,65.3,708,22.1,91,2.8,45.0,261,8.2,0.45,8.7,177,5.5,28.7,580,18.1,7.7,135,4.2,587,18.3,17
troy,28,10,18,35.7,1934.0,69.1,52.9,103.2,721,1758,41.0,304,450,67.6,250,724,34.5,48.1,50.6,25.6,47.2,15.2,37.6,1.03,1996,71.3,49.0,995,35.5,35.0,392,14.0,63.0,603,21.5,85,3.0,49.9,360,12.9,1.04,9.7,188,6.7,17.9,347,12.4,6.3,103,3.7,478,17.1,12
tulane,31,15,16,48.4,2008.0,64.8,50.6,99.7,693,1641,42.2,432,653,66.2,184,546,33.7,47.8,51.3,39.8,50.8,21.6,27.6,1.0,2002,64.6,51.0,1051,33.9,31.3,336,10.8,70.7,715,23.1,107,3.5,55.0,381,12.3,0.97,10.9,219,7.1,19.6,394,12.7,6.5,104,3.4,515,16.6,5
tulsa,31,17,14,54.8,2048.0,66.1,51.5,102.2,710,1577,45.0,495,727,68.1,178,463,38.4,50.7,54.4,46.1,50.8,23.7,25.5,1.02,2093,67.5,53.5,1126,36.3,33.8,339,10.9,73.3,787,25.4,100,3.2,48.6,345,11.1,0.75,7.3,149,4.8,22.4,458,14.8,9.2,152,4.9,575,18.5,18
uab,31,15,16,48.4,1929.0,62.2,50.3,97.2,654,1559,41.9,388,566,68.6,179,520,34.4,47.7,51.3,36.3,50.7,20.7,28.6,0.97,1875,60.5,51.8,1084,35.0,34.8,350,11.3,68.7,734,23.7,87,2.8,53.8,352,11.4,0.8,7.1,136,4.4,22.8,439,14.2,6.6,110,3.5,494,15.9,9
california-davis,31,5,26,16.1,2063.0,66.5,44.9,93.3,661,1614,41.0,362,529,68.4,240,650,36.9,48.4,51.6,32.8,43.8,18.8,37.4,0.93,1924,62.1,45.5,961,31.0,27.0,278,9.0,63.9,683,22.0,93,3.0,56.1,371,12.0,0.77,7.3,151,4.9,23.2,479,15.5,3.9,70,2.3,574,18.5,17
california-irvine,32,12,20,37.5,2254.0,70.4,49.0,96.7,776,1861,41.7,377,592,63.7,250,700,35.7,48.4,50.9,31.8,48.3,17.3,34.4,0.97,2179,68.1,49.4,1188,37.1,31.0,375,11.7,67.7,813,25.4,117,3.7,63.5,493,15.4,1.01,6.9,156,4.9,21.7,489,15.3,6.9,131,4.1,598,18.7,12
california-riverside,31,14,17,45.2,2001.0,64.5,47.7,92.0,684,1669,41.0,343,498,68.9,130,422,30.8,44.9,48.3,29.8,60.2,18.6,21.2,0.92,1841,59.4,48.1,1042,33.6,29.1,308,9.9,67.0,734,23.7,109,3.5,45.0,308,9.9,0.75,7.4,148,4.8,20.5,411,13.3,7.3,123,4.0,536,17.3,15
california-santa-barbara,31,20,11,64.5,2034.0,65.6,56.1,111.2,809,1757,46.0,417,601,69.4,227,593,38.3,52.5,55.4,34.2,51.5,18.4,30.1,1.11,2262,73.0,52.0,1168,37.7,36.2,382,12.3,67.7,786,25.4,72,2.3,57.4,464,15.0,1.26,8.5,172,5.5,18.0,367,11.8,8.7,155,5.0,539,17.4,7
central-florida,33,22,11,66.7,2121.0,64.3,54.3,102.1,768,1777,43.2,452,722,62.6,178,592,30.1,48.2,51.1,40.6,54.5,20.9,24.7,1.02,2166,65.6,52.2,1197,36.3,36.5,423,12.8,67.8,774,23.5,114,3.5,48.8,375,11.4,0.9,9.8,208,6.3,19.7,417,12.6,7.8,142,4.3,552,16.7,10
ucla,33,19,14,57.6,2151.0,65.2,54.2,105.2,848,1838,46.1,398,596,66.8,169,453,37.3,50.7,53.3,32.4,60.0,17.6,22.4,1.05,2263,68.6,52.1,1140,34.5,33.5,363,11.0,70.7,777,23.5,78,2.4,55.8,473,14.3,1.2,12.1,260,7.9,18.4,395,12.0,8.8,153,4.6,560,17.0,11
illinois-chicago,30,8,22,26.7,1938.0,64.6,48.9,94.2,636,1611,39.5,361,539,67.0,193,593,32.5,45.5,48.9,33.5,48.5,19.8,31.7,0.94,1826,60.9,51.6,1038,34.6,34.0,367,12.2,69.2,671,22.4,140,4.7,53.6,341,11.4,0.78,7.7,150,5.0,22.7,439,14.6,5.6,88,2.9,578,19.3,18
umass-lowell,NULL
unlv,35,26,9,74.3,2468.0,70.5,53.4,108.2,942,2062,45.7,496,734,67.6,291,799,36.4,52.7,55.4,35.6,48.7,18.6,32.7,1.08,2671,76.3,51.6,1318,37.7,32.8,408,11.7,70.4,910,26.0,91,2.6,65.4,616,17.6,1.32,12.1,299,8.5,18.9,466,13.3,8.5,169,4.8,604,17.3,14
southern-california,32,6,26,18.8,1962.0,61.3,44.9,85.8,642,1658,38.7,272,445,61.1,127,469,27.1,42.6,45.0,26.8,61.2,16.2,22.6,0.86,1683,52.6,44.0,866,27.1,23.7,256,8.0,64.3,610,19.1,76,2.4,47.5,305,9.5,0.89,9.4,184,5.8,17.4,342,10.7,4.1,65,2.0,476,14.9,6
usc-upstate,34,21,13,61.8,2359.0,69.4,54.9,102.8,888,2024,43.9,443,695,63.7,207,615,33.7,49.0,51.5,34.3,56.1,18.3,25.6,1.03,2426,71.4,54.0,1255,36.9,39.9,505,14.9,68.1,750,22.1,97,2.9,49.5,440,12.9,0.86,12.1,286,8.4,21.7,512,15.1,8.1,144,4.2,663,19.5,13
utah,31,6,25,19.4,1949.0,62.9,43.1,88.3,606,1496,40.5,345,518,66.6,163,532,30.6,46.0,49.4,34.6,51.5,20.1,28.4,0.88,1720,55.5,45.7,896,28.9,23.1,226,7.3,68.2,670,21.6,97,3.1,52.8,320,10.3,0.74,8.2,159,5.1,22.3,435,14.0,4.7,78,2.5,514,16.6,12
utah-state,37,21,16,56.8,2357.0,63.7,52.8,108.2,896,1887,47.5,551,766,71.9,208,566,36.7,53.0,56.7,40.6,53.9,21.6,24.5,1.08,2551,68.9,48.8,1234,33.4,30.5,337,9.1,67.0,897,24.2,80,2.2,55.5,497,13.4,1.11,6.2,146,3.9,19.0,449,12.1,5.7,119,3.2,665,18.0,18
utah-valley-state,33,20,13,60.6,2247.0,68.1,52.8,102.6,819,1931,42.4,478,685,69.8,189,599,31.6,47.3,51.1,35.5,54.7,20.7,24.6,1.03,2305,69.8,52.8,1294,39.2,34.5,422,12.8,71.1,872,26.4,96,2.9,54.1,443,13.4,1.06,9.5,214,6.5,18.6,418,12.7,6.3,121,3.7,524,15.9,9
valparaiso,34,22,12,64.7,2223.0,65.4,49.6,104.5,786,1682,46.7,522,730,71.5,229,673,34.0,53.5,57.3,43.4,48.0,22.5,29.6,1.04,2323,68.3,49.5,1123,33.0,28.2,287,8.4,70.9,836,24.6,104,3.1,59.3,466,13.7,0.97,9.2,204,6.0,21.6,481,14.1,5.3,98,2.9,585,17.2,21
vanderbilt,36,25,11,69.4,2383.0,66.2,52.5,109.7,885,1921,46.1,538,770,69.9,307,792,38.8,54.1,57.2,40.1,44.2,20.6,35.2,1.1,2615,72.6,50.3,1244,34.6,32.3,373,10.4,68.2,871,24.2,119,3.3,51.8,458,12.7,0.96,9.0,214,5.9,20.0,476,13.2,7.0,144,4.0,580,16.1,9
vermont,36,24,12,66.7,2298.0,63.8,52.9,105.1,848,1914,44.3,528,714,73.9,191,561,34.0,49.3,53.6,37.3,54.4,21.9,23.7,1.05,2415,67.1,51.8,1278,35.5,34.3,401,11.1,69.4,877,24.4,112,3.1,56.0,475,13.2,1.07,9.6,221,6.1,19.4,445,12.4,4.5,86,2.4,627,17.4,7
villanova,32,13,19,40.6,2195.0,68.6,52.4,103.2,762,1848,41.2,546,724,75.4,196,622,31.5,46.5,51.7,39.2,50.0,24.1,25.9,1.03,2266,70.8,52.8,1252,39.1,37.6,441,13.8,68.0,811,25.3,137,4.3,51.7,394,12.3,0.88,8.1,178,5.6,20.4,447,14.0,5.4,101,3.2,613,19.2,22
virginia,32,22,10,68.8,1963.0,61.3,50.1,101.9,721,1576,45.7,403,558,72.2,155,469,33.0,50.7,54.3,35.4,56.6,20.2,23.3,1.02,2000,62.5,50.8,1030,32.2,27.1,253,7.9,74.5,777,24.3,86,2.7,54.6,394,12.3,1.07,10.5,207,6.5,18.7,367,11.5,5.5,88,2.8,506,15.8,6
virginia-commonwealth,36,29,7,80.6,2361.0,65.6,52.1,103.7,837,2040,41.0,507,740,68.5,267,800,33.4,47.6,51.2,36.3,46.6,20.7,32.7,1.04,2448,68.0,49.8,1205,33.5,33.4,439,12.2,66.1,766,21.3,90,2.5,51.7,433,12.0,1.06,16.1,379,10.5,17.3,409,11.4,7.3,131,3.6,646,17.9,7
virginia-military-institute,33,17,16,51.5,2484.0,75.3,50.3,105.9,892,2006,44.5,564,784,71.9,283,888,31.9,51.5,55.3,39.1,46.3,21.4,32.3,1.06,2631,79.7,45.9,1079,32.7,27.5,338,10.2,64.2,741,22.5,102,3.1,49.1,438,13.3,1.0,11.0,273,8.3,17.6,438,13.3,6.1,124,3.8,618,18.7,8
virginia-tech,33,16,17,48.5,2096.0,63.5,51.3,102.4,754,1797,42.0,434,599,72.5,205,562,36.5,47.7,51.6,33.3,51.1,20.2,28.6,1.02,2147,65.1,49.6,1110,33.6,33.1,368,11.2,66.1,742,22.5,100,3.0,51.2,386,11.7,0.99,8.7,183,5.5,18.7,391,11.8,6.1,107,3.2,581,17.6,12
wagner,31,25,6,80.6,2127.0,68.6,53.4,107.0,779,1767,44.1,513,690,74.3,204,566,36.0,49.9,54.3,39.0,50.5,22.5,26.9,1.07,2275,73.4,50.6,1071,34.5,35.5,384,12.4,65.8,687,22.2,103,3.3,51.3,400,12.9,0.97,11.5,244,7.9,19.4,412,13.3,7.9,126,4.1,681,22.0,19
wake-forest,31,13,18,41.9,2059.0,66.4,47.4,98.5,689,1613,42.7,485,659,73.6,166,499,33.3,47.9,52.7,40.9,51.6,23.9,24.5,0.99,2029,65.5,46.1,994,32.1,25.8,262,8.5,66.4,732,23.6,101,3.3,52.5,362,11.7,0.92,7.9,162,5.2,19.1,394,12.7,7.9,142,4.6,518,16.7,14
washington,35,24,11,68.6,2491.0,71.2,56.4,106.2,966,2157,44.8,497,798,62.3,217,633,34.3,49.8,52.2,37.0,56.6,18.8,24.6,1.06,2646,75.6,53.6,1404,40.1,38.6,510,14.6,68.5,894,25.5,110,3.1,49.2,475,13.6,1.03,9.4,233,6.7,18.5,460,13.1,6.8,139,4.0,693,19.8,16
washington-state,37,19,18,51.4,2364.0,63.9,51.7,106.6,860,1836,46.8,573,808,70.9,228,623,36.6,53.1,56.8,44.0,50.1,22.7,27.1,1.07,2521,68.1,50.1,1214,32.8,30.9,339,9.2,69.4,875,23.6,107,2.9,58.7,505,13.6,1.04,7.5,178,4.8,20.5,485,13.1,5.2,103,2.8,643,17.4,15
weber-state,32,25,7,78.1,2177.0,68.0,51.6,113.6,825,1797,45.9,538,661,81.4,285,728,39.1,53.8,58.6,36.8,43.7,21.8,34.6,1.14,2473,77.3,49.1,1089,34.0,26.9,277,8.7,71.4,812,25.4,68,2.1,51.4,424,13.2,1.25,8.2,178,5.6,15.6,340,10.6,4.3,78,2.4,578,18.1,14
west-virginia,33,19,14,57.6,2196.0,66.5,57.0,106.8,838,1914,43.8,496,739,67.1,174,583,29.8,48.3,51.8,38.6,56.6,21.1,22.3,1.07,2346,71.1,55.4,1260,38.2,40.9,493,14.9,69.9,767,23.2,125,3.8,56.9,477,14.5,1.13,9.6,210,6.4,19.2,422,12.8,4.7,85,2.6,555,16.8,9
western-carolina,35,17,18,48.6,2409.0,68.8,52.8,103.9,885,2090,42.3,470,681,69.0,263,748,35.2,48.6,51.9,32.6,49.7,18.8,31.5,1.04,2503,71.5,50.9,1240,35.4,35.0,460,13.1,66.8,780,22.3,112,3.2,42.9,380,10.9,0.83,11.8,284,8.1,19.1,459,13.1,5.7,107,3.1,667,19.1,14
western-illinois,33,18,15,54.5,2016.0,61.1,49.4,100.7,744,1626,45.8,369,538,68.6,174,441,39.5,51.1,54.0,33.1,56.1,18.2,25.7,1.01,2031,61.5,48.6,960,29.1,24.7,245,7.4,72.6,715,21.7,106,3.2,56.7,422,12.8,1.13,9.9,200,6.1,18.6,375,11.4,5.6,90,2.7,496,15.0,10
western-kentucky,35,16,19,45.7,2411.0,68.9,49.0,94.2,769,1952,39.4,539,785,68.7,195,638,30.6,44.4,48.9,40.2,50.5,23.7,25.7,0.94,2272,64.9,50.9,1276,36.5,34.1,449,12.8,67.7,827,23.6,103,2.9,50.1,385,11.0,0.72,8.1,195,5.6,22.1,534,15.3,7.5,146,4.2,691,19.7,13
western-michigan,34,14,20,41.2,2269.0,66.7,52.4,102.8,801,1841,43.5,525,741,70.9,205,606,33.8,49.1,53.2,40.2,51.1,22.5,26.4,1.03,2332,68.6,52.9,1276,37.5,36.5,423,12.4,69.4,853,25.1,93,2.7,56.1,449,13.2,0.91,7.0,159,4.7,21.8,495,14.6,5.3,104,3.1,644,18.9,12
wichita-state,32,26,6,81.2,2181.0,68.2,55.2,113.4,881,1830,48.1,488,651,75.0,223,606,36.8,54.2,57.8,35.6,53.2,19.7,27.1,1.13,2473,77.3,53.3,1206,37.7,33.2,344,10.8,73.4,862,26.9,89,2.8,53.3,470,14.7,1.21,9.2,200,6.2,17.9,390,12.2,6.9,125,3.9,535,16.7,5
william-mary,32,6,26,18.8,2036.0,63.6,45.2,94.8,662,1632,40.6,389,547,71.1,218,679,32.1,47.2,51.0,33.5,46.0,20.1,33.9,0.95,1931,60.3,46.9,990,30.9,25.1,262,8.2,68.8,728,22.8,100,3.1,51.8,343,10.7,0.83,7.6,154,4.8,20.2,411,12.8,3.8,67,2.1,545,17.0,13
winthrop,32,12,20,37.5,2076.0,64.9,51.6,98.0,754,1793,42.1,370,564,65.6,157,506,31.0,46.4,49.4,31.5,58.7,18.2,23.1,0.98,2035,63.6,52.0,1080,33.8,32.7,373,11.7,71.4,707,22.1,104,3.2,46.3,349,10.9,0.89,10.5,217,6.8,18.9,393,12.3,6.6,104,3.2,594,18.6,14
wisconsin,36,26,10,72.2,2126.0,59.1,52.2,108.4,797,1875,42.5,425,575,73.9,285,775,36.8,50.1,53.6,30.7,44.4,18.4,37.1,1.08,2304,64.0,51.4,1207,33.5,30.6,349,9.7,72.2,858,23.8,95,2.6,53.7,428,11.9,1.34,8.5,181,5.0,15.1,320,8.9,6.9,126,3.5,512,14.2,6
wofford,33,19,14,57.6,2077.0,62.9,51.6,101.6,777,1792,43.4,338,508,66.5,218,665,32.8,49.4,51.9,28.3,53.0,16.0,31.0,1.02,2110,63.9,52.2,1113,33.7,31.4,344,10.4,73.0,769,23.3,120,3.6,59.6,463,14.0,1.21,8.3,173,5.2,18.4,382,11.6,4.5,78,2.4,536,16.2,8
wright-state,32,13,19,40.6,2024.0,63.2,44.1,91.7,625,1569,39.8,418,594,70.4,189,550,34.4,45.9,50.2,37.9,47.0,22.5,30.5,0.92,1857,58.0,47.9,901,28.2,25.0,260,8.1,70.8,641,20.0,88,2.8,51.0,319,10.0,0.73,10.4,210,6.6,21.5,436,13.6,3.4,50,1.6,635,19.8,19
wyoming,33,21,12,63.6,2036.0,61.7,47.5,101.6,710,1585,44.8,451,610,73.9,197,602,32.7,51.0,55.2,38.5,49.6,21.8,28.6,1.02,2068,62.7,48.4,966,29.3,23.8,227,6.9,73.0,739,22.4,82,2.5,52.5,373,11.3,0.96,11.1,227,6.9,19.1,388,11.8,6.6,104,3.2,557,16.9,12
xavier,36,23,13,63.9,2451.0,68.1,52.9,103.8,899,1986,45.3,569,819,69.5,176,501,35.1,49.7,53.5,41.2,56.9,22.4,20.8,1.04,2543,70.6,50.8,1304,36.2,32.0,391,10.9,69.7,913,25.4,121,3.4,52.4,471,13.1,1.04,8.8,216,6.0,18.5,454,12.6,6.5,135,3.8,665,18.5,10
yale,29,19,10,65.5,1955.0,67.4,51.3,101.8,678,1571,43.2,459,646,71.1,176,509,34.6,48.8,53.0,41.1,50.4,23.1,26.5,1.02,1991,68.7,53.2,1081,37.3,33.7,339,11.7,72.7,742,25.6,103,3.6,56.5,383,13.2,0.93,7.7,151,5.2,21.0,410,14.1,7.1,115,4.0,522,18.0,5
youngstown-state,31,16,15,51.6,2021.0,65.2,50.2,103.7,746,1729,43.1,333,514,64.8,270,708,38.1,51.0,53.1,29.7,45.4,15.9,38.7,1.04,2095,67.6,46.8,996,32.1,27.9,296,9.5,65.7,700,22.6,110,3.5,54.3,405,13.1,1.17,9.9,201,6.5,17.2,347,11.2,9.5,164,5.3,504,16.3,7